0,1,2,3,4,5,6,7,8,9,10,11,12,13,14,15,16,17,18,19,20,21,22,23,24,25,26,27,28,29,30,31,32,33,34,35,36,37,38,39,40,41,42,43,44,45,46,47,48,49,50,51,52,53,54,55,56,57,58,59,60,61,62,63,64,65,66,67,68,69,70,71,72,73,74,75,76,77,78,79,80,81,82,83,84,85,86,87,88,89,90,91,92,93,94,95,96,97,98,99,100,101,102,103,104,105,106,107,108,109,110,111,112,113,114,115,116,117,118,119,120,121,122,123,124,125,126,127,128,129,130,131,132,133,134,135,136,137,138,139,140,141,142,143,144,145,146,147,148,149,150,151,152,153,154,155,156,157,158,159,160,161,162,163,164,165,166,167,168,169,170,171,172,173,174,175,176,177,178,179,180,181,182,183,184,185,186,187,188,189,190,191,192,193,194,195,196,197,198,199,200,201,202,203,204,205,206,207,208,209,210,211,212,213,214,215,216,217,218,219,220,221,222,223,224,225,226,227,228,229,230,231,232,233,234,235,236,237,238,239,240,241,242,243,244,245,246,247,248,249,250,251,252,253,254,255,256,257,258,259,260,261,262,263,264,265,266,267,268,269,270,271,272,273,274,275,276,277,278,279,280,281,282,283,284,285,286,287,288,289,290,291,292,293,294,295,296,297,298,299,300,301,302,303,304,305,306,307,308,309,310,311,312,313,314,315,316,317,318,319,320,321,322,323,324,325,326,327,328,329,330,331,332,333,334,335,336,337,338,339,340,341,342,343,344,345,346,347,348,349,350,351,352,353,354,355,356,357,358,359,360,361,362,363,364,365,366,367,368,369,370,371,372,373,374,375,376,377,378,379,380,381,382,383,384,385,386,387,388,389,390,391,392,393,394,395,396,397,398,399,400,401,402,403,404,405,406,407,408,409,410,411,412,413,414,415,416,417,418,419,420,421,422,423,424,425,426,427,428,429,430,431,432,433,434,435,436,437,438,439,440,441,442,443,444,445,446,447,448,449,450,451,452,453,454,455,456,457,458,459,460,461,462,463,464,465,466,467,468,469,470,471,472,473,474,475,476,477,478,479,480,481,482,483,484,485,486,487,488,489,490,491,492,493,494,495,496,497,498,499,500,501,502,503,504,505,506,507,508,509,510,511,512,513,514,515,516,517,518,519,520,521,522,523,524,525,526,527,528,529,530,531,532,533,534,535,536,537,538,539,540,541,542,543,544,545,546,547,548,549,550,551,552,553,554,555,556,557,558,559,560,561,562,563,564,565,566,567,568,569,570,571,572,573,574,575,576,577,578,579,580,581,582,583,584,585,586,587,588,589,590,591,592,593,594,595,596,597,598,599,600,601,602,603,604,605,606,607,608,609,610,611,612,613,614,615,616,617,618,619,620,621,622,623,624,625,626,627,628,629,630,631,632,633,634,635,636,637,638,639,640,641,642,643,644,645,646,647,648,649,650,651,652,653,654,655,656,657,658,659,660,661,662,663,664,665,666,667,668,669,670,671,672,673,674,675,676,677,678,679,680,681,682,683,684,685,686,687,688,689,690,691,692,693,694,695,696,697,698,699,700,701,702,703,704,705,706,707,708,709,710,711,712,713,714,715,716,717,718,719,720,721,722,723,724,725,726,727,728,729,730,731,732,733,734,735,736,737,738,739,740,741,742,743,744,745,746,747,748,749,750,751,752,753,754,755,756,757,758,759,760,761,762,763,764,765,766,767
0.109758094,-0.32826754,0.50101906,0.18532605,-0.032036502,-0.32283515,-0.3912542,0.7983137,-0.14375143,-0.011785951,0.23867442,-0.40081233,-0.12788099,0.26987398,-0.27363807,-0.043433424,0.19338721,-0.09681157,-0.17589115,-0.15806022,-0.53057647,-0.23364702,-0.28739795,0.78190076,0.27170804,-0.047924023,-0.21611686,0.20235513,-0.00094644807,-0.18074356,0.26810563,0.013487608,0.16494246,0.07790194,-0.030652879,-0.24706818,-0.1554798,-0.10653445,-0.35936165,-0.07317108,-0.51274306,-0.3073062,-0.08263928,0.0428523,-0.6189506,0.25157067,0.26516032,-0.24682544,0.19502592,-0.43696693,-0.32311544,0.15845689,-0.3350844,-0.23458625,0.0844456,0.42859116,0.25463784,-0.024522653,-0.23814288,-0.014202077,-0.030047692,-0.4523479,-0.41172573,-0.2936549,0.54182947,-0.3793398,0.24800381,0.24125569,-0.33945274,-0.3331289,-0.4914694,-0.3130738,0.036663283,-0.45718995,-0.27726042,0.46825254,-0.1817533,0.48752326,0.100552805,0.028431801,-0.30102298,0.6365626,-0.115279295,0.296944,0.44001958,0.11760068,-0.17782149,0.1620084,-0.22090739,0.79906464,-0.01241704,0.19928339,0.43345752,-0.06348553,0.10013411,-0.28595328,0.08089068,-0.38898072,0.11545692,-0.022954755,0.25190404,-0.66399485,0.16050039,0.44285163,0.30348173,0.20719585,-0.033540808,0.17178202,-0.042149838,-0.07853765,-0.07004441,0.042253576,-0.11019392,-0.08480139,-0.36132053,-0.1414054,-0.3106781,-0.23334491,0.21721722,-0.2424166,-0.09852223,-0.21427749,-0.4777666,0.15685883,-0.222154,-0.23749644,-0.17304058,0.29103976,0.08916771,-0.09677563,0.012473515,0.11127703,0.20340233,-0.08192789,0.07168128,0.35431933,0.010069724,-0.0038556478,0.272971,-0.3473873,-0.020148475,0.25880906,0.16450976,0.50843924,0.30978447,-0.24935025,0.12463944,-0.6470972,-0.058664095,0.3325895,-0.640205,0.44758534,-0.45675114,-0.101939484,-0.08745711,-0.3144809,-0.13551809,-0.15589878,0.04630052,0.5034254,0.14013705,-0.11164716,0.5068346,0.07158143,-0.11152358,-0.00054794253,-0.19606729,0.18750326,0.04768391,-0.071028985,-0.21857989,0.52029926,0.41374603,0.044342216,0.26882184,0.14895628,-0.13381317,-0.03728728,0.63334024,0.9790312,-0.48995522,0.101989724,0.55662173,0.16705485,-0.25376645,-0.261012,0.19879839,-0.10863058,0.19721548,-0.04002815,0.11113844,0.08633398,-0.15907007,-0.3537006,-0.2671356,-0.82416534,0.21368532,-0.2813543,0.095701605,-0.24194281,0.047502708,0.33662874,-0.22469929,-0.29607573,-0.30844977,0.11195713,0.056606703,-0.2767101,-0.6724155,-0.0066507636,-0.019648017,0.47047725,-0.3099281,-0.31526342,0.4367937,0.40925384,0.012727903,-0.023542337,0.060502056,-0.1317732,0.5266313,-0.026782794,-0.16547528,0.2616207,-0.04561031,0.7162344,-0.12761794,-0.2616502,0.06632543,0.0051107984,0.029784746,0.097285405,0.35324088,-0.10401133,-0.044334207,-0.37534076,-1.1092384,-0.6299252,0.1849363,-0.2392081,-0.14485341,0.27475294,-0.009535753,0.4271543,-0.0214874,0.1986435,0.09499524,-0.31419802,-0.20337194,-0.04878004,-0.08033372,-0.6104197,-0.32679528,-0.587943,-0.41347253,-0.6335309,-0.17347722,-0.20956409,-0.10098184,-0.36420068,0.36481467,-0.093221076,-0.09467088,0.3286754,-0.13753551,0.21889694,-0.058504924,0.1805561,-0.168946,0.40641618,0.25823846,-0.5334536,0.6384709,0.2662487,0.0735637,-0.6655271,-0.010862239,-0.06355205,0.17351817,-0.12921071,0.004231225,-0.021201026,-0.4921082,0.094740085,-0.28799292,-0.12156146,0.24891229,0.06422364,-0.2191518,-0.33597413,-0.718591,-0.11737133,0.07285912,-0.2807565,0.8644156,-0.30596232,-0.20788866,0.2199205,-0.2215704,-0.27048787,0.08951956,0.15319258,0.116695054,-0.31266177,-0.14758994,-0.31433544,0.016549153,0.006798552,-9.963878,-0.4703801,0.5715615,-0.36891198,0.2601914,-0.62913495,-0.068569496,0.15187883,-0.06941361,-0.090019844,0.028287161,-0.48511317,-0.20958643,0.14128134,-0.014648743,-0.6175901,0.28664914,0.09855468,0.13907902,0.34083122,-0.15348148,-0.47635055,0.3982037,0.45543984,0.013078999,0.27329448,-0.14421305,0.069034286,-0.07808858,-0.046128374,0.13669263,-0.07356119,0.22619615,0.96540904,-0.11353939,-0.39738482,-4.2005628e-05,-0.5216244,-0.29790968,-0.12776512,0.10202956,-0.486234,-0.10749967,0.17489006,0.6250256,-0.6207124,0.14654791,0.11532158,0.37751153,-0.07407549,0.18789794,0.17216893,-0.5324289,-0.18247099,-0.43247905,0.5087586,0.013520319,0.7130632,-0.10343415,-0.37332454,-0.0860559,-0.31127775,-0.23749392,0.06748266,-0.12511523,-0.21761791,-0.6227152,-0.11552067,0.53643644,-0.08083237,-0.24206679,0.42584908,0.10889959,-1.5387567,-0.2039566,-0.12282164,0.5561731,0.30977488,0.12302794,-0.110089436,-0.7422741,0.13999122,0.2022917,-0.3656646,-0.09678736,-0.8173891,0.04296228,0.37484384,-0.45469832,-0.1695004,0.4514486,0.4205667,0.22939117,0.26667464,-0.0855468,-0.039427627,0.14644738,-0.39643154,0.039597284,0.21288356,-0.0037193813,-0.08613304,-0.05096896,0.06292439,-0.35150424,-0.49184388,-0.24921396,0.2451759,0.20725255,0.1052861,0.32590476,0.18527244,-0.06834177,-0.15364636,0.099732734,-0.34116912,0.055596784,0.41493568,-0.15750155,-0.14608182,-0.2654711,0.10839218,-0.25978008,-0.12225921,0.105847985,-0.022200754,0.22613163,-8.937776e-05,-0.50596637,-0.12001701,-0.03641443,0.24176434,-0.28794912,0.15417445,-0.23243402,0.013776793,0.49704143,-0.034072187,0.49045068,0.06631109,0.3622855,0.7856836,0.46545872,-0.19510317,0.033320382,0.1395275,-0.08134616,0.5471956,0.04507795,0.2551507,-0.5478371,-0.034751818,-0.2442007,0.072131604,-0.21888983,0.15594923,0.097063884,-0.65520704,-0.5670422,-0.80429155,-0.027167954,0.048748374,0.10564568,0.10388101,-0.001382569,0.042317443,-0.5640453,0.59277683,-0.18207271,0.15560578,-0.6047224,-0.35907558,-0.30854324,-0.051901482,0.11982023,0.41442847,-0.04010601,0.17879945,-0.103145145,0.16126873,0.07891324,0.20711178,-0.27859125,0.107563995,0.2694464,0.46299008,-0.3143631,0.18163982,-0.19064544,0.35581523,-0.311935,0.2941331,-0.31955585,-0.5862676,0.24780017,-0.651452,0.24981186,-0.20993865,-0.11582264,0.11638811,-0.030664952,0.038796544,-0.6028303,-0.26738232,-0.037643176,0.41513583,0.24546002,0.59468114,-0.14188826,-0.044766065,-0.42852718,-0.121165186,-0.46625087,-0.25577343,0.35652035,-0.33583415,-0.28537992,-0.4741437,-0.3963552,0.5453549,-0.045255657,0.0126397945,-0.1095672,0.06315125,-0.00053029356,-0.14944378,0.38336486,-0.06959925,0.055539217,-0.44048578,-0.13480774,-1.2093613,-0.1226861,-0.1368167,-0.45263997,0.3134682,-0.18020308,-0.10643597,0.15098472,0.15966742,-0.95293367,-0.11707154,-0.052326743,-0.51836514,-0.1058279,0.3033141,-0.028263247,0.10951355,0.02465033,0.23574595,0.2900057,0.16026424,-0.63583845,-0.05815067,-0.6536502,-0.286323,-0.36880207,0.005376183,0.15705465,0.4275622,-0.1827005,-0.19268063,0.11916451,-0.11671558,0.55130124,0.45542088,-0.3308856,0.39606544,-0.12310162,0.29489917,0.08932406,-0.47790694,0.17175138,-0.016721003,0.1903562,0.21844378,-0.5712481,-0.54735214,-0.2830698,-0.02908823,-0.037262194,-0.5021878,0.4070038,-0.4933164,0.14402832,-0.5451865,-0.97071046,0.28054902,-0.29893893,0.16660886,0.3236272,0.33677268,-0.12120106,0.015837006,-0.33753502,0.26581895,1.1293699,-0.12350009,-0.121535845,0.34145653,-0.043823477,0.05116051,0.74427664,-0.031239146,0.1900414,0.08802474,-0.19738904,-0.073889434,0.14852916,-0.5381657,-0.112782486,-0.2345193,-0.13591811,0.8936989,-0.23878215,-0.07274099,-0.553087,0.43279514,-0.17713405,0.019262291,-0.07125746,0.17659664,0.483731,-0.5912392,0.109091856,0.17578329,0.11237631,-0.18644312,0.038754884,-0.10100209,-0.25967053,0.51838195,-0.4754896,-0.077776715,-0.1700976,-0.6226824,0.004966099,-0.020695953,-0.12335623,0.09893404,0.22934407,-0.0400227,0.4571915,0.598918,0.109735854,-0.087696075,0.10028213,0.4766544,0.35305622,1.1942028,0.22139755,-0.1154683,0.09265977,-0.006887331,0.65392685,0.024551727,0.24416271,0.6676011,0.3435255,0.49781808,0.12510067,0.22170442,0.29562247,-0.69131,0.2070921,0.30863023,0.41881856,-0.008452755,0.52584803,-0.21815772,0.37693653,-0.28949484,0.20129764,0.052515768,0.54008126,0.1793167,-0.61114526,0.028308082,-0.3484725,0.093334846,-0.30197355,-0.25863084,-0.5700414,0.23623566,-0.40111148,-0.16437317,0.19169128,-0.32506573,0.018253399,-0.004691988,-0.48027477,0.5470642,0.04038807,-0.09703083,-0.18006672,-0.0053491713,0.049178578,-0.5505012,0.36694264,0.35336626,-0.016360067,-0.34909087,-0.085283756,0.032885507,0.29149747,-0.007856751,-0.097984105,0.7304088,-0.17681515,-0.11446687,0.24760984,0.45780227,-0.032174926,0.37685138,0.22241615,-0.27388334,-0.15413842,-0.12782091,0.15917061,-0.16430186,-0.45939168,-0.27347684,-0.11427705,0.11108353,-0.13012293,0.400832,0.26689175,0.22465768,-0.030576734,-0.053113222,-0.26014882,0.26120073,0.39094418,-0.13362578,-0.51256907,0.031784873,-0.13671274,0.29569423,0.14459972,-0.106200114,0.31171986,0.4247616,0.009014449,-0.5178601,0.42667252,-0.18438843,-0.36189052,-0.12675583,-0.29065588,-0.36623028,-0.005742916,-0.40577966,0.24934825,0.27523524,-0.1972809,0.20133291,-0.17791365,-0.6745077,0.43108228,-0.30002785
0.041704997,-0.23697533,0.42984325,-0.13570412,0.13987048,0.08357495,0.062333453,0.48482472,-0.41176355,-0.09988989,-0.013552457,-0.032406226,0.077437,0.2831618,-0.3124888,0.5923159,0.031749673,0.61765635,-0.07693459,0.0024125064,0.19571018,-0.17994808,-0.033915702,-0.009167919,0.14402531,0.2573289,0.035617936,0.18880509,-0.34480792,-0.075588815,0.20002729,0.27250695,0.3268047,0.20299621,0.035015553,-0.40480655,-0.19064884,0.12651701,-0.08550108,0.17116313,-0.23038307,-0.4909327,0.03536158,-0.15665402,-0.30341566,-0.33109415,-0.24991637,0.064478494,0.37977284,-0.43604264,-0.5094864,0.05324652,-0.36483073,-0.18825191,0.25728735,0.61770976,0.30879083,-0.49831364,-0.06147742,0.10605075,0.042580586,-0.46323448,-0.050999824,-0.29161376,-0.051643144,-0.028981538,0.14278567,-0.11435258,-0.4277039,0.19219385,0.022409568,0.22879513,0.10699081,0.22691917,-0.07609345,-0.070527546,-0.17195436,0.19336511,0.3386985,-0.14428236,0.15313603,0.25689673,0.0016279045,0.098498866,0.5252429,0.1181952,-0.021644777,-0.08911065,0.033217933,0.2505823,0.022620084,-0.01468083,-0.11392676,-0.02063324,0.6303633,-0.17787233,-0.0667781,-0.39820424,0.104671285,0.04585733,0.48688397,-0.5777489,0.10161724,0.0053932536,-0.54069155,-0.05284809,-0.35321948,0.46576074,-0.25938243,-0.007966023,-0.2597707,0.36669922,0.3549531,-0.29263613,-0.13892312,0.20080751,0.3268424,0.3166349,-0.23119813,0.34511742,-0.35885632,0.20283285,0.17872873,0.30869558,0.18366553,0.424374,-0.16439894,-0.10400448,0.23012067,0.28328496,0.5235763,0.40587088,0.2407878,-0.25573167,0.43609697,-0.31920415,-0.29841784,-0.35251844,-0.14916211,-0.17748845,-0.32636642,0.3650446,0.11964155,0.6716094,0.3204749,0.09632958,-0.43393794,-0.09389325,-0.034298692,0.116305634,-0.31724584,-0.081384204,-0.36540684,0.16051224,-0.23189755,0.076115176,-0.19041052,0.21541175,0.18189482,0.431347,0.20172098,-0.36853373,-0.084408395,0.21248354,-0.023142565,-0.24833667,0.17249373,0.02570219,-0.00492059,-0.09282615,-0.3666103,-0.6269624,-0.03721483,-0.37078893,0.29253855,0.13020794,0.05071653,-0.020649908,0.008939775,0.5762793,-0.61796397,0.04657422,-0.042713184,-0.44084752,-0.32217544,0.26217985,0.38786194,-0.21218953,0.5491981,-0.043018296,0.17417322,0.09232694,-0.08022315,-0.005015445,0.45480764,0.1516151,-0.2560919,-0.07769918,0.14460568,0.23270036,0.17422268,0.106872156,0.14433224,-0.4841348,-0.63486314,0.2675834,0.23011877,0.032884,-0.15429254,0.26522946,-0.08620035,0.09624869,-0.084938996,0.00803195,0.11495714,0.104912765,-0.18335481,-0.24780819,0.2969435,0.14310364,0.09666861,-0.32931304,-0.28532326,0.44233552,0.06889532,1.2699863,0.15126549,-0.2179021,0.5062072,0.031545702,-0.03775539,-0.15040608,0.5572168,0.11019954,-0.30758914,0.5327661,-0.13826406,-0.2509719,0.3846445,0.09868364,-0.21339187,0.31087816,0.34529465,-0.08891185,-0.1303225,-0.021457734,-0.1254761,-0.93932396,-0.1986149,-0.36983895,-0.04510993,-0.16486473,-0.2603638,-0.2803826,0.3045418,-0.08828985,0.19103968,-0.50948656,-0.3117561,-0.0812928,-0.18048829,0.042290878,-0.14389168,0.09165133,-0.38118517,-0.05101388,0.4862238,0.21212836,0.5801625,-0.04917787,-0.14747427,0.03966543,0.03805512,0.674109,0.027719473,-0.101552635,-0.031793796,0.18717955,0.10603956,-0.44536936,0.0994134,0.33723503,0.3045718,-0.05865223,-0.36076775,-0.14935087,-0.05514267,0.19471869,-0.2668474,-0.34422457,-0.531983,0.3223396,-0.092015065,-0.18557446,0.32319632,0.16201392,-0.12220712,-0.026178766,-0.30897084,-0.42100853,-0.3865497,0.24632242,0.0026692124,-0.022796083,0.15233263,0.0057538133,-0.24526298,-0.40668687,-10.830153,-0.41390628,-0.08677294,-0.21958774,0.3335698,-0.6942975,0.16363676,-0.08641663,0.19207177,-0.29955178,-0.15112719,-0.14406104,0.20926845,-0.28927737,-0.27591744,0.6625127,0.3208265,0.15619674,-0.10815658,0.30565876,0.11713134,-0.032196525,0.29907006,0.100206345,0.30911162,-0.11273513,-0.2591771,-0.08341923,-0.2851252,-0.36035225,-0.124393165,0.18970422,0.30413046,0.9531068,-0.20904881,0.085969284,0.14426714,-0.4449605,0.25402015,-0.25802922,0.17943422,-0.32488278,-0.095980905,0.1607247,0.55353475,-0.71342224,0.19894968,0.12479546,-0.18545884,0.22684363,-0.28121853,-0.51357937,0.14499159,-0.11468825,-0.04326904,-0.39821327,0.022180371,1.2266269,-0.1932459,-0.36618888,-0.016002214,-0.25085843,-0.22976556,-0.7675407,-0.4702354,0.4899436,-0.24355453,-0.7895386,-0.46042392,-0.08374275,-0.06052351,0.18004696,0.17362812,-1.5569563,-0.43754506,-0.05817154,0.13933697,0.3578038,-0.61125886,-0.17091402,-0.23072897,-0.7168164,0.14363164,-0.14968194,-0.3509415,-0.37938777,-0.064021565,-0.58447766,-0.28616896,-0.10235763,0.38150805,-0.22342773,0.13152593,0.15747336,0.02220538,-0.27213895,0.34251705,-0.38412303,0.006295098,-0.28670636,0.54797477,0.25734705,0.19898042,-0.12630075,-0.123433106,-0.0012656967,0.017741166,-0.3696222,0.072197415,-0.07554757,0.19479798,-0.7192304,-0.2760951,0.065446824,-0.007850047,-0.5195319,0.37006062,0.18116407,-0.004592153,-0.37147677,0.1993477,0.104610965,-0.21882199,-0.19321433,0.08887697,-0.074505515,-0.657836,0.17146757,-0.5408643,0.07342253,-0.30548733,-0.27064484,0.14381357,-0.18886623,-0.03348622,-0.032794703,-0.21107781,-0.5792453,0.17707872,0.16100693,0.21284872,0.254594,0.2333489,0.24799919,0.28541481,-0.33434922,-0.038404547,0.12369663,-0.0051914915,-0.19046281,-0.5755447,-0.68686986,-0.100668184,0.12981492,0.14169388,-0.2178861,0.06366262,-0.3935659,-0.40313423,0.072858855,-0.093385994,-0.30795068,0.1973552,0.5615185,-0.16103187,0.42416272,0.100646436,-0.05215743,0.4523854,0.22268854,0.03271327,0.6573731,-0.088445425,-0.117518805,-0.0009992043,0.023853393,0.0588526,0.12936036,-0.3152011,0.68351936,-0.09862836,-0.093498334,0.27646464,0.46646953,0.35478964,0.32197407,-0.11919303,-0.35213584,0.20424603,0.3297236,-0.74773955,0.4005248,-0.4233458,-0.4555187,0.26048625,-0.8999792,0.170791,-0.13378087,0.0610076,0.1958856,-0.3776148,0.37979162,0.1000343,0.23426123,-0.19665818,0.040321663,-0.2148627,0.24164543,0.074447304,-0.14409171,-0.33986655,-0.22208126,0.27532235,-0.279285,0.23761445,0.1868474,-0.2754139,-0.25329876,-0.31843224,-0.03388313,-0.22660941,0.34114918,0.45495427,0.09293148,-0.16070904,-0.17888336,0.46129256,-0.056292724,-0.0589918,-0.08661706,-0.15751646,-0.997615,0.030573333,-0.2062589,-0.0061478554,-0.15832786,0.18497854,-0.14796391,0.07711619,-0.26899594,-0.69135684,-0.5672986,-0.6157902,-0.65910065,-0.34672615,-0.012079336,-0.42875758,0.5702583,-0.27103522,0.3456667,0.31878385,0.047441326,-0.079309255,-0.2712724,-0.04360001,-0.63545394,0.1973793,0.027736194,-0.16501357,0.21927853,-0.15190122,0.1405557,0.2666694,0.004125356,-0.008706498,0.022429135,-0.22524737,-0.054222554,0.13057223,-0.52539897,-0.30632672,-0.024218988,0.34755978,-0.0794676,0.011728897,-0.29631433,-0.11375889,0.045577478,-0.052034248,-0.15715575,0.12560272,0.0057814545,-0.17746188,0.05427211,0.19316468,-0.108080365,-0.29291278,0.46050254,0.07160875,-0.03878921,0.069312744,0.26990563,-0.3579145,0.5137146,-0.17701307,0.19941726,0.3989177,0.124379426,0.057898354,-0.22865827,0.20496014,0.02493036,0.21738061,0.019700212,-0.19781542,0.3012088,0.07302104,-0.23051052,0.23572548,-0.42755395,0.021324629,-0.08123272,0.7567237,0.77796626,-0.03331519,-0.2991648,-0.44288704,0.09786847,-0.11262079,-0.100503676,-0.0414356,-0.21918708,0.39528996,0.18215355,-0.063719176,0.31425977,-0.46866214,-0.14448366,0.22612247,0.36527213,-0.11713334,-0.01978616,-0.28689402,0.09667338,0.2274436,-0.34188375,-0.039630674,-0.09736978,-0.11486356,-0.064798415,-0.19889021,0.33268952,-0.0474017,0.43654022,0.36655873,-0.09251047,-0.13727093,0.12849705,0.27815387,-0.18561491,0.2533491,0.08694951,0.20671947,0.24125604,-0.11509508,-0.084441856,-0.25027674,-0.1843171,-0.1218742,0.84858304,0.58403355,-0.09404594,-0.025284655,-0.41195267,0.14170179,0.0350848,0.29946616,-0.335826,0.21413763,0.05297852,0.13914731,-0.17799868,0.38299367,0.330804,-0.17909563,0.034839936,0.021370947,-0.19666785,-0.331752,-0.34970123,-0.6028215,-0.15030316,-0.43897223,-0.3462883,0.4614895,-0.7358906,-0.05986461,0.12241211,0.115964204,-0.106528655,-0.22879194,0.47373664,-0.26334748,0.113086015,0.013209163,0.18541227,-0.080254294,0.09324394,0.22206186,-0.0041260067,-0.11381034,-0.25198367,0.03292495,-0.20202745,-0.009065333,-0.19194435,-0.06338405,0.43509063,-0.5059638,-0.470568,-0.014008325,0.7851505,-0.042982634,0.19817838,0.24988468,0.57782745,0.2330266,-0.08269266,-0.36213654,-0.093555324,-0.4695268,-0.12705186,0.3043784,0.2077058,0.2753701,-0.6904859,-0.45283318,0.7122246,-0.49090588,-0.20801444,0.09844374,0.2902462,0.19298674,0.2640363,-0.29972667,-0.26091918,-0.16231339,0.01684169,-0.27042076,0.25176355,-0.36044732,-0.15084091,0.2115333,0.26590985,0.046864476,0.034582186,0.44255847,-0.11343068,-0.4396136,-0.49941123,-0.21312538,-0.19144624,-0.13972847,0.020815318,-0.0641374,0.45996505,-0.63494647,-0.6521723,0.36481106,-0.15919289
0.17187363,-0.071540706,0.7594084,0.28215227,0.5136052,-0.19978625,-0.42488605,0.49712002,-0.43808374,-0.3110964,0.3244972,-0.36250636,0.1514878,0.6185758,-0.043084133,0.30812407,0.12414475,-0.0048239706,-0.1226639,0.048086938,0.3627778,0.009782583,0.36103278,0.3143308,0.23659407,-0.0459795,0.018104374,0.0024980528,-0.86166465,0.06500699,0.2819071,0.29716432,-0.29577577,-0.2871822,-0.03722144,-0.2812522,-0.21478781,-0.12698834,-0.06567965,0.20441075,-0.06630571,-0.3192703,-0.1898013,-0.08451803,-0.07687184,-0.007538215,-0.3381026,0.16716066,0.20135725,-0.107523985,-0.90274155,-0.19093549,-0.28387547,-0.51941305,-0.018017383,0.6088232,0.72457397,-0.44638646,-0.23861553,0.1544408,0.25809327,-0.109511144,-0.08207887,-0.35730433,-0.437376,-0.37201568,0.18542676,-0.06772855,-0.6595547,0.14962074,0.4912379,0.16015102,-0.064708635,0.19101553,-0.45327774,-0.024566768,-0.29380763,0.07858758,-0.035123836,-0.16339657,-0.21541548,0.34382355,0.021092596,-0.24128354,0.56951135,0.8202808,0.42056876,0.24739505,-0.16891618,0.5187566,0.03500311,-0.07341602,0.1252752,0.37372303,0.44995654,-0.39673406,0.09485043,-0.25720716,-0.035233397,0.2838388,0.33232144,-0.8704097,0.17879395,0.21891637,0.06266355,-0.028820235,-0.41838467,0.20454091,-0.4079256,0.1034053,-0.17293254,0.36027753,-0.04460232,0.1310413,-0.3958622,0.25257394,-0.101001605,0.11852264,-0.14750609,0.00034572126,-0.4967953,0.7169207,0.11813375,0.37086895,0.06470904,-0.16359085,0.1622328,-0.20330921,0.4196375,0.01448765,0.38938382,-0.09074306,-0.09670989,0.01764328,0.12813039,-0.117968805,0.24118206,-0.19191884,0.15781716,-0.60511243,-0.3381446,-0.7005274,0.26414272,0.016725218,0.16051994,-0.43141946,0.036293875,-0.09215582,-0.25977337,0.13300714,-0.32306328,-0.0019628345,-1.0361965,0.11346698,-0.02407341,-0.14981942,-0.55645263,0.2209382,0.22893941,0.34910512,-0.123197734,-0.5203053,0.05658247,0.15112089,-0.34787723,-0.060761098,0.36125523,0.58442354,-0.3481162,-0.09796968,-0.053391162,-0.22916639,-0.07271125,0.06521363,0.6080452,0.30189335,-0.23870014,0.046522822,-0.0052024033,0.76675016,-0.57058656,0.26283965,0.5967197,-0.4643999,0.26680985,0.038833708,0.7258927,-0.19394833,0.6895868,-0.16729538,-0.15617223,-0.21893193,0.07859268,0.047232512,0.4829463,-0.76003915,-0.20043753,-0.47557667,0.28184417,-0.3040075,-0.427292,0.23185562,-0.19898792,-0.45683414,-0.26734048,0.055943783,-0.35646042,0.052819997,-0.18452576,-0.2813029,-0.2124213,0.46580735,-0.34376168,-0.03413793,-0.021811409,0.14288424,-0.29820833,0.13082586,-0.36655027,0.3898187,0.31375644,-0.6214257,-0.011728844,0.56249326,-0.21515314,1.283086,-0.05974846,-0.3946943,0.17132093,0.19183263,0.20942716,-0.49925664,0.49618003,-0.43792766,0.009112312,0.40565336,-0.20445919,-0.3817839,0.014559699,0.14186817,-0.39435637,0.46893707,0.26620576,-0.08736407,-0.08485776,-0.23622014,0.030093761,-0.9362907,-0.3028158,-0.6735392,0.06717669,0.12957263,-0.0143699525,-0.011205012,0.37802872,0.038231812,0.37919727,0.08322583,-0.48242366,-0.013006585,0.3742574,-0.30326724,-0.5067859,0.19330412,0.32437384,-0.5183481,-0.015979383,0.051134106,0.39566213,-0.3115596,0.21024963,-0.7825973,0.00016595185,0.8455364,0.53804636,-0.40023753,0.26147586,-0.21434346,0.074920565,-0.5944385,0.27010116,0.28066534,0.31692722,-0.009204814,-0.06960476,0.09655183,0.016403805,-0.24791813,0.12565905,-0.4632127,0.030471921,-0.05294507,-0.64507985,-0.07697299,0.46842715,0.5119885,-0.09707612,-0.111271344,-0.53865236,0.17729305,-0.13756372,0.21665825,0.07310107,0.20684332,-0.5495325,-0.07479388,-0.19766793,-0.04609333,-8.827807,-0.880545,-0.48045135,0.19047596,0.04710889,-0.28121346,0.21680827,-0.19771145,-0.00984988,0.08587528,0.40386665,-0.54700065,0.37318832,-0.012016803,-0.14734393,0.33700424,0.6307839,0.16094615,-0.08986542,0.45810282,0.1436865,-0.8106459,0.2618171,-0.05731968,0.4462536,-0.14997058,-0.32806858,-0.09771852,0.30450478,-0.21998614,-0.27878758,-0.25894988,-0.010811634,0.6717585,0.008726877,0.18001722,-0.2602175,-0.043530162,0.059240203,0.10427735,0.2578379,-0.07922964,0.00043283188,0.29681987,0.5552483,-0.42709982,-0.26587385,0.57769835,-0.18911739,0.027371015,0.15205403,-0.33860052,0.28501564,-0.29076394,-0.09165203,-0.338407,0.032273065,0.3640371,0.0021569384,-0.2102381,0.33297113,0.13500851,-0.35420075,-0.2853284,0.23307508,0.17160155,-0.6444064,-0.40907365,0.1700327,-0.28536427,0.04723534,0.41489184,0.097752206,-1.50365,-0.5213187,-0.4226768,0.5250787,0.58778256,-0.4794098,-0.31808946,-0.48015675,-0.26864162,0.2192299,-0.19578037,-0.56706285,-0.26222613,0.23595722,-0.3870878,-0.45986894,-0.06765702,0.25581118,-0.25718018,0.3694437,0.5570282,0.1757951,-0.18836582,0.3532673,-0.2169475,0.007976231,-0.14988925,-0.13366559,0.36519742,-0.16510597,-0.08192173,-0.53319997,-0.24201474,0.34546366,-0.20372665,0.091228396,0.04686167,-0.109403774,0.057921614,-0.31412032,-0.08805472,0.13947321,-0.016425122,0.21196194,0.18083395,-0.28917786,-0.37081552,-0.04590028,0.27202946,-0.20391065,-0.34732723,0.27615836,-0.029141536,-0.4737515,0.7551814,-0.43693054,-0.09239955,-0.09485195,-0.030996006,-0.41799188,0.26465657,0.08807869,0.013345077,0.22858243,-0.26124403,-0.2205169,-0.10176553,0.4270105,0.68361765,0.2732811,-0.028571011,-0.13277593,-0.004257355,-0.036150914,0.101253614,0.03112539,0.09742444,-0.72996515,-0.7660176,-0.11018122,0.5801842,0.1421432,0.044990286,0.28438398,-0.48855782,-0.51998544,-0.53449047,0.10307009,0.42398015,-0.021572104,-0.05972849,-0.2694397,0.24430276,-0.18958855,0.36122072,0.8327827,-0.03032057,-0.16055402,0.25335908,-0.11782231,-0.048881687,0.12986457,-0.15670103,0.32626647,-0.86840636,-0.43222743,0.3814392,0.042779103,0.15766335,-0.12081096,0.38901043,0.89232415,0.057565242,0.24013801,-0.04323761,0.11934087,0.5873074,-0.07760737,0.41097754,-0.8060572,-0.21366328,0.050082143,-0.4489952,0.43425503,-0.2649149,0.089812785,0.1300887,-0.32610986,0.3861478,0.070317015,-0.16770051,-0.114553824,0.18044901,-0.30634487,0.6048134,0.25661322,0.13058487,0.17180756,-0.04243682,-0.15694049,-0.007244023,0.42029887,0.23671268,-0.13033779,-0.50791484,-0.93041235,0.48134246,0.10797994,-0.03972545,-0.17456993,0.28614184,-0.37524292,-0.06304064,0.04830574,0.32649848,-0.5522342,-0.4860357,-0.36004752,-1.1417714,0.40538174,0.37900186,0.26162648,0.09647451,-0.47459123,0.25109386,0.40153235,-0.44236976,-0.53166246,-1.0417413,-0.11383247,-0.6136594,-0.42502198,0.24782829,-0.44472077,0.61635226,-0.31878325,-0.0439923,0.14250839,-0.28700095,0.024662828,0.022911504,0.0008234668,-0.5474383,-0.20983621,-0.2337084,-0.68233955,0.062982865,-0.5783861,0.0046050553,-0.01305352,-0.14634843,0.07673262,0.1797061,0.037427556,0.31151816,0.15315005,-0.07436932,-0.18239698,-0.19459328,-0.34102497,0.2780215,-0.15139747,-0.15567002,-0.15555565,-0.43891877,0.4655886,-0.30959767,-0.04940268,-0.36158183,-0.032575507,-0.11807975,0.17620534,0.087282866,-0.21231298,0.16522242,0.17240524,-0.07838421,-0.066290945,0.060373038,-0.59152675,0.3418424,-0.05789632,0.29104766,0.78444374,-0.45398492,-0.19838999,0.55706626,-0.1204511,-0.03129963,1.1249199,0.2413786,-0.19275431,0.48794055,0.5333954,0.11812088,0.07212918,-0.25895482,-0.09573382,-0.42626113,0.99396443,0.22819735,0.13515648,-0.5800662,-0.29379737,0.3021955,-0.23606752,0.030099632,-0.1161854,0.43126827,0.3801434,-0.25165814,-0.23597674,0.62844557,0.096590996,-0.5510972,-0.19118391,0.20585123,-0.10737736,0.008589994,-0.14073472,-0.14702074,0.34871754,-0.4615461,-0.039251365,0.4845017,-0.49559808,0.29152706,0.2799604,-0.042806458,-0.14650609,0.27198625,-0.29287,-0.3922382,-0.60042155,0.433515,0.35715058,0.5580518,-0.039423734,-0.051181074,0.07884175,0.48924732,0.07931802,-0.27110144,0.2760363,0.3537874,0.080735914,0.5897391,0.42942107,0.14895725,0.107010946,-0.7141854,0.3373331,0.121544085,0.03862417,-0.06611748,0.07086769,-0.016388558,0.35499802,-0.26382983,0.16282013,-0.3643438,0.12950552,0.23463476,-0.007894545,-0.42974868,-0.5761041,0.27724525,-0.24983326,0.30885303,-0.17157257,-0.42668793,-0.2899829,0.2594801,-0.5093884,-0.018125826,0.08716018,-0.5306187,-0.29409224,-0.18256125,-0.2606186,0.6257308,0.0038784666,-0.0021777023,0.29714105,0.25105947,0.37457153,0.07985162,0.4345814,-0.64546865,-0.1366708,0.096167654,0.0474096,0.10923514,-0.48810402,-0.32101944,-0.5140706,-0.5813267,0.19438191,0.4754665,-0.04522559,0.25210342,-0.079025224,0.0962827,0.16538695,-0.075452946,-0.10725319,0.10007071,-0.43599343,-0.6319623,0.011226663,-0.50869745,0.17082016,-0.4482065,-0.3292194,0.108521536,-0.078278236,-0.19727321,0.1354651,0.029570684,0.41172394,-0.6172364,-0.44768658,0.2979719,-0.44771466,-0.2329434,-0.07657508,-0.17634226,-0.1376758,0.49346313,0.10690267,-0.27838194,0.37639955,0.054193348,0.30591428,-0.1537662,-0.10080038,-0.24469955,-0.31774756,0.05860148,-0.16295905,0.31584817,0.36153784,-0.09611827,0.2476367,-0.8557612,0.66054994,-0.36882976
0.37315193,0.051232234,-0.07510551,0.08619822,0.033881918,-0.24186043,-0.09201761,1.1079847,-0.22761063,-0.19265129,0.39051494,-0.52412796,0.19896631,0.7005053,-0.25343513,0.30620775,-0.34817672,0.6718238,-0.35805896,0.17234528,0.41158578,0.19152725,-0.09272352,0.06212246,0.3331789,0.074053176,-0.17652798,-0.14000013,-0.74943614,0.36075208,0.4252973,0.20948675,0.015476647,-0.20686655,-0.48950917,-0.5041389,0.07222116,-0.27853248,-0.23582701,0.2196119,-0.25497344,0.04417765,0.6351566,-0.08323377,-0.016217155,0.40792453,-0.17494375,-0.13629147,0.21025701,-0.24369258,-0.3364304,0.03501117,-0.30852363,0.025437893,0.012156745,0.6809996,0.28821433,-0.28190923,-0.19179901,0.49456117,0.23060063,-0.30572268,0.39236602,-0.16665961,0.108445555,-0.3705329,-0.07906039,0.3934307,-0.66397524,-0.12176574,-0.05629002,0.1715278,0.20621735,-0.3536705,0.058900565,0.4661783,0.057589173,0.5798887,0.103957005,-0.0389302,0.05914383,0.47220832,-0.24376936,0.36274043,0.5329792,0.5586623,-0.17752348,-0.38383615,-0.41580877,0.23165081,0.14952415,-0.27863863,0.017218035,0.01934895,0.27848485,-0.26058564,-0.32261935,-0.10363432,-0.2867576,0.38424537,0.08856865,-0.39991695,-0.12186047,-0.27024484,-0.2936025,-0.12594567,-0.0914048,0.44093063,0.20554551,0.16779906,-0.41626635,0.11055626,-0.23184533,-0.32375255,-0.4288165,0.20042004,-0.18306215,-0.1496101,0.58056456,0.1797182,-0.39672348,0.43615243,0.11985244,-0.053992797,0.4168592,0.49689448,-0.14659195,-0.08592258,-0.3436996,0.2482594,0.11076655,0.46925175,0.3560237,-0.4869131,-0.14667054,-0.121134795,-0.0355579,-0.5257051,-0.58781016,-0.6096653,-0.0052544093,0.13793351,-0.1963469,-0.10023454,-0.033863954,0.28660595,0.29102036,-0.65674216,-0.29718512,0.2538499,-0.070822194,-0.37733388,-0.061260205,0.27201122,-0.49671456,0.025438966,-0.07216392,-0.22039415,0.08576026,0.17923224,0.115903504,0.33414105,-0.0061002867,0.5868042,0.35148743,-0.27952904,-0.32212827,0.105717175,-0.22489561,-0.1322934,-0.23795432,-0.3980921,0.32188457,0.17766792,0.36181915,-0.006918713,0.17687997,-0.25150207,0.49280345,0.19502056,-0.34917918,0.35984764,0.34528878,0.20321554,-0.015768012,0.49198475,0.8942795,0.18171959,0.55239457,0.36076272,-0.524515,-0.29406708,0.055471048,-0.2551342,0.269796,-0.21543087,0.029685695,0.09586114,-0.06027852,0.74123657,-0.017261477,-0.08245553,0.27362287,-0.31717125,-0.18627337,0.40778163,0.06631063,0.09592515,0.2040833,0.26466173,-0.39180005,0.8201975,0.0154388435,0.022832118,0.41974664,0.42113122,0.4120278,-0.32591638,0.23130426,-0.1453599,-0.11033766,-0.14594723,-0.16661134,0.17878312,0.19773258,0.9925776,0.15644898,0.12025977,0.4292662,-0.010737632,-0.20360471,0.18984027,0.5576603,-0.05957871,0.07996739,-0.22845152,-0.33166832,0.022738405,-0.017846705,-0.13605323,-0.09200364,0.46500736,0.028042061,0.16389126,-0.28712133,0.16728403,-0.058658753,-0.48751462,0.17558831,-0.13452949,-0.052195854,-0.51848894,-0.6491503,-0.73115325,-0.1401242,0.009948586,-0.2974735,0.07548735,-0.24551587,-0.38796264,0.27217472,0.15468122,-0.29847202,-0.025470762,-0.4748265,0.1527754,-0.043654986,-0.2815725,0.17374742,0.2207927,0.11747167,-0.35771665,-0.20839848,0.5621205,0.13722622,0.03300698,-0.012036865,0.27534315,0.32364774,-0.21357788,0.18472761,0.21612298,-0.27531922,-0.1532479,-0.00537382,-0.45471367,0.23608154,0.15948647,-0.36942047,-0.13402206,-0.30974385,-0.052523337,-0.38042173,-0.23851627,0.41715458,0.25914946,0.022825018,0.13151793,-0.22232176,-0.46569848,0.2674278,0.25571474,0.36023593,-0.009043467,-0.5961058,0.2803614,-0.6465083,-0.32943687,-12.767793,-0.16248742,0.27510607,-0.21246637,0.20455886,-0.2585594,-0.26766804,-0.12415611,0.49447703,-0.74983215,-0.06297504,-0.25678733,-0.19701234,-0.119637765,-0.1181045,-0.023354592,0.60374916,0.28492692,0.2618748,0.5646277,-0.7105089,-0.32971132,0.7153132,-0.2211903,0.10511323,0.41001636,0.17573583,0.43914315,-0.15080419,-0.2753196,-0.24049538,-0.051570557,-0.07914054,0.9822886,-0.16564101,-0.041906446,0.12837797,-0.3933958,-0.2959319,-0.2766713,-0.1728551,-0.40901932,-0.1464539,-0.16515706,0.7354275,-0.23024565,0.1463853,0.1006275,0.041803315,0.4098267,-0.4049454,-0.49935204,-0.08316901,-0.056709457,0.39494336,-0.4712,-0.1464213,0.9445612,-0.14774464,-0.699255,-0.21640448,-0.8195706,-0.54045707,-0.547957,-0.11747884,-0.09207878,0.28536764,-0.22418846,-0.16968973,-0.09476052,-0.09330377,0.15538397,-0.19068223,-1.3552787,-0.46965364,0.025304925,0.41112882,0.22035025,-0.32488737,-0.24299036,-0.69058716,0.027921012,-0.36028248,-0.011060711,-0.5590311,-0.6748237,-0.27059838,-0.65931666,-0.37117845,-0.28952658,0.5227345,0.09953226,-0.057242755,0.40900218,0.35416695,-0.17963138,0.714144,-0.7438253,-0.19497529,0.11105258,0.3877506,0.12106614,0.122395314,0.1414055,-0.052943777,-0.32992786,0.061423443,-0.16275503,-0.27852428,0.10328723,0.07324226,-0.5623488,-0.26650932,0.2981719,-0.5763881,-0.31336,0.53435415,-0.3581322,-0.3564608,-0.22010939,-0.107285395,0.27366123,-0.74452037,-0.77181494,-0.35067967,-0.19599395,-0.043688465,0.11359272,-0.24801563,0.35018623,-0.091556065,-0.25059524,-0.28536364,0.19577584,-0.085411355,-0.22176687,-0.18888032,-0.39762214,0.9371725,0.10990605,0.24070966,0.09080021,-0.04865311,0.5265886,0.112258054,-0.016562983,0.054643184,0.1820738,-0.061836887,0.12746339,-1.0661181,-0.66218597,-0.0062592044,0.17690597,0.32552516,0.1784655,0.533964,-0.5312696,-0.6756221,-0.014379472,-0.033879567,0.2321311,0.27385947,0.88640344,0.13068183,-0.09660833,0.3989891,0.10802534,0.0056638615,0.35045424,-0.32528526,0.45975158,0.2931185,0.23317707,0.03605398,0.28603765,-0.3512423,0.119059555,-0.21025215,0.5787306,-0.15499453,0.20113674,-0.14087665,0.15737769,0.8833265,0.36896837,-0.15853034,0.16400644,0.050896946,0.25226527,-0.57047963,0.13239884,-0.57989156,-0.48514363,-0.0016456759,-0.7416727,0.4261628,-0.8212253,0.30196974,0.18737318,-0.040013786,0.15941064,-0.25478193,0.38484514,-0.36974862,-0.15747683,0.3071357,-0.023573672,0.3078477,-0.40105033,0.41361207,-0.5349303,-0.30029798,-0.4580227,0.07549871,-0.16813494,0.024404787,-0.49390572,-0.3462247,0.2888731,0.0402056,0.1968804,0.20007415,0.46371734,0.053912636,-0.21668999,0.654814,0.08059577,-0.08428025,-0.036976825,-0.083514445,-0.7978661,0.24755932,0.026864922,-0.30060288,-0.11261174,-0.056888003,-0.043165103,0.16119854,-0.11224995,-0.77951247,-0.68590605,-0.2040762,0.23697235,0.00037099957,0.12636663,-0.00015002995,0.4596288,-0.27508605,0.40362346,0.090412945,-0.40173528,-0.26708272,-0.07696829,-0.08995652,-0.5278264,-0.09313395,0.11019248,-0.27047274,0.51268506,0.12943073,0.1682706,0.36566833,0.16804247,0.119712315,0.15782546,-0.1555527,-0.10060988,0.023990246,-0.13704026,-0.020018697,0.028919345,0.16303274,0.13309081,-0.069579646,-0.14459828,-0.41539305,-0.5269386,0.3169004,0.1523731,-0.41977268,-0.13043901,0.31235904,0.35146132,-0.023516426,-0.2817457,-0.54687876,0.5225118,-0.08731924,-0.15374725,-0.39371404,0.62479246,-0.5976281,-0.14291982,-0.2092942,-0.13372627,0.39337298,-0.56843835,0.08640899,-0.14468783,0.074321896,-0.40419868,0.25550398,0.42834052,-0.11295364,0.2396862,-0.082123004,-0.60292524,0.36705363,-0.28079274,0.028764226,-0.6661675,0.524055,0.4399666,0.43976972,-0.73530424,-0.20597559,-0.6203768,-0.4356499,0.032807738,0.17121091,-0.38193962,1.0092516,-0.020880554,-0.40950948,0.45859498,-0.21265788,0.0030288368,0.17952593,-0.23092319,-0.27206567,-0.029456664,-0.32206511,-0.13859493,-0.2918739,-0.3460398,0.13381183,-0.5740808,0.20842254,-0.07602376,-0.55477697,-0.066186935,-0.24659424,0.2467613,-0.2308061,0.06009124,-0.22050686,-0.2783649,0.48172802,-0.012353922,-0.27066404,0.471041,0.099961795,0.6310784,0.3047246,0.3796501,-0.38608465,-0.051176466,-0.22294025,0.717638,-0.037908718,0.011313043,-0.29946238,0.2101591,-0.07274954,0.2940644,0.17120683,-0.318427,0.3015178,0.19132042,0.46061176,-0.08461936,0.46580642,0.011190349,-0.3007834,0.07298171,0.40476894,0.13490927,-0.5541434,-0.30750415,0.08627899,-0.2569196,-0.14990611,-0.3222942,0.30538383,-0.86668915,0.18103641,-0.0073972237,0.293312,-0.377309,-0.4112612,0.19636583,-0.012747313,-0.45444787,-0.079052575,0.16482726,-0.15203527,0.17976482,0.1360797,0.03358574,-0.25406063,-0.08295044,0.39324906,0.37696207,0.17807823,0.21946234,-0.16506931,0.85498637,-0.549488,-0.43783745,-0.28956056,0.6151964,-0.033233214,0.21713549,0.24314764,-0.338203,0.58458734,-0.22386862,-0.23966089,0.36724406,-0.57454306,-0.28797755,-0.34092945,0.30616105,-0.026323704,-0.5306817,-0.3610656,0.48660386,-0.2771435,-0.38766298,-0.47189513,0.18046921,0.38156372,0.19775791,-0.6945122,0.07019731,-0.16871938,-0.3146983,0.36728823,0.24820875,-0.26266912,0.08864966,-0.22941329,-0.16789718,0.31244227,0.26765746,0.47325382,-0.2841696,-0.42111164,-0.58881086,0.060427118,-0.06642173,-0.26658595,0.11623567,0.012213597,0.4691383,-0.789556,-0.67338926,0.41316882,0.30037382
0.74328566,-0.18188988,0.5202935,-0.027874596,0.7093396,-0.10083754,-0.021769082,0.9071312,-0.10800639,-0.50593245,-0.020519467,0.039021336,0.07459226,0.06816546,-0.5423741,0.54388124,-0.37504458,0.61737025,-0.017171143,0.5170045,-0.22626269,0.3907758,0.10928475,-0.19055927,0.46407956,0.15694563,-0.15364279,-0.13584809,-0.45776722,-0.4360489,0.41829515,0.22677141,0.6641457,0.1967194,0.028053503,-0.50436264,-0.116721384,-0.1514418,-0.26414785,0.45059696,-0.2889873,-0.065512925,0.018053725,0.12241302,0.13261376,-0.20797203,0.24134246,-0.44927716,0.08018132,-0.44314823,-0.6036845,0.25343198,-0.10816724,-0.4188486,0.30711952,0.47596413,0.10376938,-0.44005385,-0.4436446,0.2139667,-0.2676454,-0.2334221,-0.03621883,-0.023894334,-0.18131758,0.07173682,0.40949145,0.33193165,-0.78293777,-0.44036618,0.22354038,-0.07969091,-0.27151635,-0.01276765,0.0784843,0.108794615,-0.3620964,0.59322435,0.12814403,-0.20680296,-0.4879668,0.542595,0.13694502,0.00216296,0.47413966,-0.015913991,-0.10779847,0.05732677,-0.49589202,0.42379326,0.17738436,0.28248423,-0.038674407,0.12602378,0.36047226,-0.8900827,-0.78099275,-0.23402134,-0.13434166,0.49663812,0.73488456,-0.6965107,-0.16217291,-0.5883441,-0.28632772,0.32848388,-0.7641256,-0.24896409,0.12203987,0.0061573414,0.18535206,0.2517914,-0.06933596,-0.4883876,-0.25123572,0.10750696,0.12000797,0.48121864,-0.048629764,-0.2633785,-0.3331815,0.12634566,-0.16358799,0.08006446,0.2721154,-0.092926614,0.1975953,-0.6704505,-0.11736106,0.0064858324,0.4645409,0.41110733,0.26003495,-0.10092524,0.12974001,0.099907406,0.22982666,0.04017173,0.12904909,-0.49766904,0.0029117442,0.4048174,0.47227326,0.19590561,0.6307811,-0.09072985,-0.20018314,-0.24364573,-0.0945437,0.54004544,-0.33804902,0.020453634,-0.43043965,0.10261901,-0.19872583,-0.30705142,-0.34118924,0.099125296,0.3080322,0.21037836,0.025297452,-0.15360343,0.23606396,0.155703,-0.104399584,-0.1898616,-0.037867893,0.2219715,-0.12309469,-0.036907975,0.066387445,-0.065223224,0.48178378,0.3700532,0.49002072,0.6644183,0.17211296,-0.1832156,-0.041104864,0.7179159,-0.40373656,0.18899277,0.5186514,-0.35875618,-0.2120331,0.31898183,0.4373005,-0.41775012,0.38698915,0.29236814,-0.57816386,0.042087473,0.40809837,-0.15833157,0.4041045,-0.46825972,-0.33740166,-0.21824403,0.3364667,-0.39605695,0.36566153,0.19606264,0.0393253,-0.039459717,-0.67721224,0.37637147,-0.053005543,-0.44197503,-0.23133308,0.13087136,-0.3842614,0.44276446,-0.04891747,0.20169431,-0.07404729,-0.17487763,0.08678116,-0.0638638,0.2192637,0.33179992,-0.13647698,0.12484107,-0.6816858,0.12724113,-0.37991637,0.8234962,-0.025768401,-0.12105197,0.109733775,-0.38133878,-0.122062474,-0.19746035,0.18333784,0.13641772,0.8271866,0.3610381,-0.36231613,-0.7181013,-0.08660044,0.025734609,-0.111162536,0.1731227,0.4313646,0.07151893,-0.06224647,0.6100364,-0.07393853,-0.03771043,0.32501307,-0.19555697,-0.31330407,-0.65155977,-0.11076725,-0.58989096,0.01348217,-0.24589169,-0.21740139,0.006961205,-0.60099965,0.056182317,0.16872588,0.26414853,0.20901224,-0.20265894,0.12165094,-0.3340128,0.21273859,0.24918026,0.10180126,0.26177076,-0.08540599,0.022253709,0.13500522,0.66451776,0.025522232,-0.03719121,0.29908106,0.4564483,0.37245876,-0.39194542,-0.037582092,0.6132174,-0.33656234,0.214454,0.009069474,-0.31550547,0.2537511,0.25207326,-0.28548592,-0.3118574,-0.28990585,-0.08899536,-0.2708041,0.0032113628,0.889456,0.1394672,-0.17868519,0.28697217,-0.563828,-0.0868317,0.15959287,-0.19799492,0.24738911,0.4615596,0.34814143,-0.18803826,-0.43491486,-0.70090425,-8.883902,-0.03991838,-0.1750594,-0.29374936,0.049014486,-0.47880837,0.25837684,0.052490205,0.0160569,-0.30780673,-0.107538454,-0.46182984,0.12544695,-0.4224142,-0.17800787,0.048352882,0.669873,0.4920885,-0.3203531,0.41952634,-0.52020615,-0.039074015,0.68088096,0.27143598,0.6910153,0.40115136,0.17470025,-0.3568508,-0.05072209,0.113196336,-0.18167998,0.18933567,-0.07386067,0.7333393,-0.20741987,0.3009829,0.27902606,-0.5014907,0.13237764,-0.08684804,0.062802084,-0.15682082,-0.6821043,-0.17413308,0.99886644,-0.5013916,-0.0034511369,0.48745468,0.25396675,0.29632208,-0.023608241,0.2591108,0.12546176,-0.71541595,-0.07297081,0.49672085,0.1305142,1.0586827,-0.14006136,-0.41786098,0.37369752,0.1302689,-0.13454859,0.2668533,-0.2086335,-0.4495241,-0.35717225,-0.5114737,-0.32667553,0.2599123,-0.33960706,0.42273578,0.18784954,-1.3631443,-0.1608459,0.1677473,0.034383114,0.44527236,-0.56677794,0.31223541,-1.0937874,-0.28524482,-0.1022773,-0.23758008,-0.26288825,-0.3105621,0.003575452,-0.46861717,-0.6310697,0.45685607,0.1922113,-0.274865,0.44437748,0.08398902,0.08715806,-0.37440774,0.38447642,-0.70999193,-0.11034546,0.08074646,0.47763637,0.10637405,0.47401908,-0.6054131,-0.102168456,-0.03826422,-0.5276315,0.23376109,-0.01868009,-0.45606992,-0.16801012,-0.0077664144,-0.26518682,0.33061433,-0.48638126,-0.17278701,0.38694575,0.1572487,-0.28744113,-0.56293124,-0.12373448,0.21154158,-0.44087666,-0.89366853,0.31157118,-0.0058693932,0.2980888,-0.40833852,-0.3165888,-0.31230065,-0.41027096,-0.45335636,-0.24649052,-0.17280054,-0.14597908,-0.52606183,0.4544512,-0.053621817,-0.12208312,0.38376996,0.33865914,0.18356103,0.16866055,0.007833257,0.01452053,0.12462153,-0.14799939,0.3015543,-0.26424214,0.57119316,-0.4709001,-0.54647446,0.09006248,-0.093001604,0.2708317,-0.16395555,0.36045036,-0.6778764,-0.20936394,-0.801902,-0.18887638,0.0938879,-0.21371329,0.521106,0.056301996,-0.014158267,-0.019883173,-0.03907551,-0.28127915,-0.12114859,-0.108073846,0.38275173,0.29671142,-0.06468,0.5964791,0.7343034,0.3283273,-0.34829026,-0.02423883,0.117783114,-0.046260692,-0.0721356,-0.15278104,-0.7028422,0.14943494,0.16637868,0.2225237,-0.03807971,-0.060196463,0.4860167,-0.7869268,0.47086948,-0.3558155,-0.692942,0.40257552,-0.45588523,0.46572533,-0.07698481,0.3284341,0.8694284,-0.20733212,-0.2706189,-0.73742366,-0.009070343,-0.30085853,0.28492212,0.07728204,0.30352426,0.21560031,0.38908753,0.07424933,-0.2339596,-0.9130475,-0.34020862,0.16584995,-0.22188757,-0.25547984,-0.5953265,-0.7059734,-0.026596647,0.017295206,-0.082452096,0.024030501,-0.04087739,-0.18111706,0.1474132,-0.16158302,-0.16821834,0.038464934,0.018331353,0.12192413,-1.5676439,0.25107586,-0.09624835,0.32311204,0.012595866,-0.23608585,-0.025972476,-0.26356965,-0.47516215,-0.65506005,-0.59113115,-0.20351963,-0.575877,-0.3947379,0.55190897,-0.51791734,0.29876354,-0.14975904,0.14978696,0.46532303,-0.2924442,-0.21692972,-0.57040316,-0.3341539,-0.37440768,-0.70171386,0.034373034,-0.2693567,0.59811443,-0.17368874,0.023100311,0.28163275,0.13541423,0.14250758,0.21800768,0.15592475,0.08831086,-0.15418679,-0.8865629,0.10780668,-0.15982558,0.08990474,0.2296842,-0.2578318,-0.2865561,-0.5937449,-0.41517803,0.029071996,0.014325307,-0.7157276,-0.34092087,0.13306153,-0.42566577,0.2176598,-0.09743848,-0.46501884,0.025286267,-0.45096305,0.21842968,0.15568484,0.24158908,-0.12621064,-0.035389848,0.07513543,0.85673887,0.7420787,-0.3294512,0.22997802,0.18754536,0.01655259,0.006182255,0.71984833,0.13205963,0.050179243,0.29766244,0.08436805,-0.46804127,-0.08336337,-0.27055022,-0.77902883,-0.4172449,0.7516204,0.49946916,0.06130918,-0.62674904,-0.67498636,-0.29115,-0.6571762,0.32691464,-0.30208936,0.25367638,0.7555266,-0.13669129,-0.22572392,0.35099438,-0.029443994,-0.0013149242,0.22896767,-0.061136052,-0.56620324,-0.04571013,-0.2775737,0.1083658,0.116966926,-0.030997679,0.27362978,-0.31223997,-0.1850197,0.28430235,0.1253831,0.3007217,0.18874127,0.18192814,-0.09094409,-0.005195424,-0.17942156,-0.074488685,0.6979626,0.6123685,0.3610165,-0.00047452925,-0.27715436,0.16727313,0.0022723163,-0.30694094,0.4071858,0.07980802,-0.043392733,0.42074913,0.44199565,0.66377854,0.016826715,-0.46294007,0.045928292,0.15176162,0.41531864,0.06826305,0.06318436,0.1268748,0.10934684,0.2582806,0.54168516,0.1516245,-0.024880165,0.4087376,-0.31161994,-0.16334862,-0.70806986,-0.1992298,-0.46298444,-0.2489761,-0.60331494,0.05144697,-0.07421575,-0.67219275,-0.13175744,-0.54920477,0.23214094,-0.24031763,0.19232868,0.11910553,-0.099735156,-0.1409535,0.0025813682,-0.19576195,0.0078122034,0.26237988,0.36825535,0.2135428,-0.07042324,-0.7473243,0.24859095,0.1136629,0.17728534,0.07521909,-0.21259314,0.37687284,-0.7971865,0.03983005,0.1402774,0.45980498,-0.073624894,0.28830191,0.10877834,0.28172976,0.15952997,-0.6707748,-0.41407716,-0.22417247,0.21634373,-0.13648243,-0.05807771,0.16413961,0.4524527,-0.29627347,-0.22563894,-0.017092338,-0.27519226,-0.27117527,-0.20384623,0.3204931,0.13994946,0.08935406,-0.37087485,-0.45941526,-0.058920227,-0.102148265,0.16261677,0.4243232,0.06417625,0.027788019,-0.48305953,0.20966455,-0.19009916,0.33692956,0.7418104,-0.2591091,-0.7512731,-0.44868198,0.18883336,-0.51114213,-0.15922408,-0.2051045,0.2131463,0.4106958,-0.5552937,-0.68954986,-0.22065154,0.0066168793
0.4374465,-0.07915575,0.55316424,-0.13431287,0.393754,-0.5322089,0.40868196,0.3938081,-0.42823073,-0.012132241,-0.03259184,-0.299235,-0.10750142,0.027978085,-0.058202446,0.70226014,-0.34952718,0.42695653,0.20176083,-0.031947985,0.3300005,0.22555695,-0.14020771,-0.21841644,0.43887234,0.011586116,0.0036022896,0.4934271,-0.32665086,-0.069773786,0.22770526,0.16445932,0.010183166,-0.061955713,-0.45582607,-0.35330024,-0.19777645,-0.15654343,0.41991863,0.53127414,-0.17343353,-0.30024964,0.44319582,-0.060753714,0.058206987,-0.08929945,-0.11138827,-0.52814233,0.75700724,-0.15016662,-0.0132085085,0.27883855,-0.26773155,-0.059120037,-0.013968492,0.71371543,0.40510634,-0.42450333,0.020333864,0.14040054,-0.37626335,-0.19082442,0.0066796835,-0.14058949,-0.023179384,-0.043352272,0.2704326,0.43422416,-1.0064582,0.22502966,0.35018185,0.102983184,0.19311859,0.034996558,-0.01599447,0.32125953,-0.24002658,0.71721596,0.075430915,-0.7522093,-0.07055779,0.38798892,0.1700721,0.35614255,0.4515275,0.012875599,0.10594823,-0.21729647,-0.48589805,0.24217705,-0.40902188,0.18269704,0.2559004,-0.03828816,0.55980134,-0.4883412,-0.6872428,0.20606975,-0.058400784,0.16110338,0.4808826,-0.24559034,0.07868558,-0.3086546,-0.59227943,-0.09335545,-0.2342464,-0.10463976,0.2325692,0.20558923,0.012339217,0.2345585,0.14460874,-0.18429314,-0.15381025,0.5992189,-0.007191138,0.14195167,0.07867421,-0.060199436,-0.55621946,0.21027479,-0.109512046,0.42517787,0.24714656,0.41288784,0.11259916,-0.6599389,0.40485954,0.15462583,0.79976887,0.6005914,0.31263775,-0.40813038,0.40648893,0.003550276,-0.31485748,-0.38341692,-0.10259562,-0.24081029,-0.14614432,0.4517811,0.16381012,0.2845904,0.6269572,0.20752244,-0.40572834,-0.05811372,-0.09528174,0.28059065,-0.57795376,0.046686444,-0.36824372,-0.37255543,-0.15790735,-0.13877521,-0.18156625,-0.13113639,0.18175882,0.12049229,0.038293082,0.28519955,-0.4751714,0.14551052,0.2523052,-0.19179353,0.11600175,0.038370892,-0.5519426,-0.09762302,-0.21891832,-0.13914526,0.13306056,-0.26526144,0.64961916,0.28228223,0.23809914,-0.37070695,-0.07065951,1.0532022,-0.4495474,0.15678132,0.30791184,-0.35128114,0.49841613,0.02568958,0.9795866,-0.45202714,-0.059289802,-0.034529135,-0.512927,-0.19736262,-0.33742225,-0.037716836,0.47166726,-0.66234267,-0.1682025,-0.097211555,0.34519804,0.083312325,-0.064551674,0.048082057,0.17682797,-0.15166833,-0.9251675,0.6918628,-0.055831503,-0.06510466,-0.8313957,-0.054466102,-0.34824613,0.63729745,-0.035967167,-0.0075544803,-0.20868225,0.19932795,0.16428629,-0.2996047,0.050475653,0.10704102,0.034137722,-0.26435524,-0.06421298,-0.094705984,-0.24346799,1.1636981,0.23042499,-0.3029138,0.4541035,0.050841704,-0.23842745,0.2728564,0.18813519,-0.076016575,-0.039703533,0.87731475,-0.023744326,-0.7200806,-0.10613174,0.28821146,-0.4055337,0.11266422,0.64730567,0.0128438985,-0.10774421,0.37978584,-0.299281,-0.19645272,-0.08412351,-0.056243952,-0.21745268,0.0815048,-0.2982885,-0.403117,0.28591955,-0.0050534797,-0.02508027,-0.42501298,-0.6011925,-0.14715625,0.15528175,-0.040426955,0.14526045,0.093192846,-0.1406433,-0.4362669,-0.015491941,0.20066406,0.42520097,0.42695254,-0.41694602,0.05856478,1.8467957e-05,0.72071743,-0.24423884,-0.10610952,0.20299892,0.093696855,0.61118037,-0.10155542,-0.055317927,0.3269094,-0.06662452,-0.0026389642,-0.4872568,-0.09609106,0.2753351,0.32567653,-0.27671993,-0.4298116,-0.03441224,0.41488847,0.2757265,-0.62599486,1.0287733,0.17163615,-0.31663296,-0.015509248,-0.74102825,-0.3913996,-0.3349629,-0.00809122,0.07511818,0.035994608,0.044721052,0.26384887,-0.58493704,-0.5905228,-12.165775,-0.09586059,-0.4875979,-0.35024276,-0.21057639,-0.81016123,-0.050312996,-0.2113458,-0.015939675,-0.3896783,-0.22350098,0.08597105,0.44318315,-0.19569226,-0.43084213,0.2504973,0.84547883,-0.08395087,-0.43122503,0.48051605,-0.28900316,0.07948864,0.62012815,-0.012461234,0.3544387,0.20428525,0.39323512,0.043251745,0.22069293,-0.24271904,-0.098428726,0.71547085,-0.13013491,1.7014439,-0.25866315,0.29725897,0.43425524,-0.37963906,-0.120340586,0.23401453,-0.07591336,0.06311446,-0.54809415,-0.12116749,0.8645486,-0.35864,0.21775843,0.4044174,-0.1472118,-0.07499396,-0.2744239,-0.60273826,0.029935384,-0.21328844,0.14591685,-0.02843892,-0.050188363,1.0392003,0.1663814,-0.7479339,0.7526491,-0.35319832,-0.2911267,-0.35406414,-0.061223388,-0.18271866,-0.7016419,-0.46289504,-0.21580568,0.06319476,-0.5463204,0.42435014,-0.042331696,-1.4984528,-0.27426773,0.27312827,-0.17548667,0.36532748,-0.5360366,0.21590881,-0.83813554,-0.27156532,-0.24264702,0.05381768,-0.3191214,-0.7827593,-0.018947907,-0.07469351,-0.47447854,-0.07139861,0.2410422,-0.18864256,0.18251556,0.49516794,-0.37312195,-0.14098646,0.39198056,-0.5180988,-0.09830115,-0.23783389,0.19184817,-0.17582583,0.51460934,-0.4454569,-0.31231338,0.034248676,-0.0018202063,-0.1022845,-0.31467488,-0.07025986,-0.13927017,-0.4764673,-0.28346086,0.34356287,-0.19905578,-0.47291982,0.13713878,0.43398428,-0.0012725957,-0.18607883,-0.2257114,0.48737514,-0.48483908,-0.6581549,-0.16123125,-0.0117704095,0.16734892,0.31246102,-0.2333531,0.046030447,0.24363212,-0.28053454,0.20445698,0.059656505,0.029322136,-0.5233512,-0.010072914,-0.77884966,-0.5888792,0.3646682,0.21677381,0.19638266,0.37838018,0.19867338,0.13041279,-0.13448067,-0.006359814,-0.0042017875,-0.12851232,0.48867854,-0.5744326,-0.81970507,0.2520065,-0.043157253,0.41686633,-0.0021906116,0.3891091,-0.10642732,-0.082256764,-0.5979588,0.052490927,-0.17325065,0.17105,0.35130706,-0.11383231,0.08825309,0.09426343,0.083432764,-0.09185172,-0.1563341,-0.19879836,0.6388068,-0.011326591,0.29999757,-0.1856943,0.7386482,0.54187423,-0.036012445,-0.35101753,0.2778435,-0.055762444,0.28272203,-0.050075375,-0.27771324,0.33134666,0.057828296,0.30352846,0.37998143,0.24903549,0.3669338,-0.43835413,0.52900666,0.15455042,-0.55942625,0.09945741,-0.3634092,0.50320125,-0.05018383,0.22355384,0.32286572,-0.14782916,0.14448549,-0.71424484,0.50359374,-0.26069066,-0.30336264,0.17696916,0.16279279,-0.12352552,-0.10754692,0.17226423,-0.70161015,-0.33157837,-0.5652422,0.3532407,-0.107993916,-0.15196222,-0.46232554,-0.3429778,0.09329293,-0.038070925,0.0758584,-0.14456615,0.31233045,-0.52763814,-0.29023862,0.070991606,-0.11505897,-0.08236977,0.097504474,0.076289356,-1.538849,0.20202087,-0.048011623,-0.31036913,-0.24958676,0.08338311,-0.28858426,0.16825607,-0.348294,-0.35352495,-0.59659475,0.1191381,-0.6885771,-0.123878315,-0.106658705,-0.62043744,0.1817926,-0.39360684,0.10895421,0.2649171,-0.41376165,0.017757632,-0.4028634,0.059642363,-0.5910992,-0.49202043,0.005277094,-0.2878188,0.49217317,-0.051841844,0.4707815,0.09878829,0.41490018,-0.3217464,0.16600055,0.36194867,0.41906312,-0.48180935,-0.69693464,-0.6118878,-0.0021908141,0.2549041,0.1904435,-0.13375233,-0.23134066,-0.3142173,-0.5192462,0.43588498,0.19340688,-0.4123673,-0.026324136,0.1862058,0.11929417,0.072481185,-0.2453086,-0.19438943,0.25274956,-0.011902376,0.38243428,0.21964215,0.33733705,-0.6707663,-0.064743415,0.10981485,0.2648903,0.52245533,-0.0888351,0.059999906,-0.0014194078,-0.17154539,0.12515995,0.543206,0.13266478,0.19569217,0.37464473,-0.25987262,-0.38839042,-0.06501513,0.01574296,-0.43297234,-0.1455844,0.45579433,0.24531601,0.09081511,-0.18964323,0.034850355,-0.052383542,-0.5567219,0.18763906,-0.22173253,0.04609226,0.9844114,0.04439511,-0.080800496,-0.2970208,-0.15618493,-0.107844,-0.18715733,0.41893175,-0.1413682,-0.09272609,-0.084834404,0.6295238,0.024770916,-0.23229161,-0.32885793,0.10434458,-0.6276993,0.14040393,-0.11933501,0.3449784,-0.23755814,0.29733396,0.2969996,-0.1005596,-0.21468267,0.014187256,0.55387676,-0.01779855,0.028669167,0.10708694,-0.4047858,0.45324096,0.2383171,-0.4885237,0.44042543,0.07618615,-0.12878549,0.46372846,0.31702897,0.30759877,0.13410401,-0.67860734,0.12614822,0.18948625,0.39465332,0.35788077,0.21696843,0.027109625,-0.16354662,-0.18916307,0.2897148,0.14913249,-0.20705251,0.1921187,-0.14517048,-0.2852476,-0.19347863,-0.10884295,-0.32208803,0.25768858,-0.30248156,-0.1391833,0.43507174,-0.55669665,-0.38253716,0.019547535,-0.38109618,-0.31367972,-0.43603218,0.34901068,0.6527902,-0.2546713,-0.055851284,-0.10010863,-0.14298551,0.42083454,0.44265747,-0.115138575,-0.30581996,-0.07191166,0.017883776,-0.44727996,-0.3031169,-0.30039614,-0.4394576,0.123231895,-0.3807859,-0.18923372,0.14122123,0.4221934,-0.04864529,0.35562775,-0.16679685,0.57711643,0.58304644,0.0028448477,-0.40206596,0.14009827,-0.43296975,-0.6200962,0.25509506,0.1596025,0.097151116,0.05959266,-0.35088626,-0.25804368,-0.03508729,-0.21119608,-0.26320645,0.43231356,0.050853584,0.35959205,-0.52053714,-0.40876925,-0.053144142,0.111302465,0.52256745,0.078186005,-0.1413861,-0.0072094337,0.322777,-0.07136125,-0.09380699,0.15052314,0.07899403,0.29538485,-0.93182486,-0.73974574,-0.38840106,-0.040352635,-0.30669305,-0.28389943,-0.18885396,0.2972728,-0.521398,-0.65398777,-0.06705233,-0.3997612
0.4486169,-0.16450301,0.39004594,0.19245027,0.30654794,-0.34145924,-0.11555369,0.61202943,-0.41935843,0.12107688,0.44250584,-0.37209046,0.058010865,0.42201817,-0.29225355,0.587696,-0.037963748,0.23596187,0.06865867,0.17956205,-0.07545608,0.017076606,-0.29838523,0.3521802,0.22197573,-0.3004033,-0.19127479,-0.3943758,-0.40220547,0.025989478,0.5892028,0.2342323,-0.054873552,-0.13249613,-0.3910333,-0.24313334,-0.132692,-0.15542498,0.09718873,0.45855686,-0.91239524,-0.29792318,0.3015554,0.1721793,-0.4533309,0.2990161,0.0029312437,-0.27962637,-0.09417463,-0.1983278,-0.26964,0.019139308,-0.62499166,-0.51511717,0.027926873,0.17587526,0.3272209,-0.76895547,-0.11576262,0.073623255,-0.17499568,-0.15289994,0.07640373,-0.1361295,0.095480636,0.17072392,-0.11407547,0.37284946,-0.19349955,-0.09212282,-0.045202,-0.053834576,0.00805665,0.04959199,-0.0326336,0.017422728,0.066902615,0.7202352,0.07973076,-0.016648017,-0.23531614,0.37634623,-0.09697723,-0.1902966,0.4310465,0.49544075,0.19681966,-0.039825935,0.33286503,0.71625596,-0.10054352,-0.18353964,0.2997048,0.13930868,0.43680352,-0.48150674,-0.5970928,-0.2626936,-0.40454257,-0.29959247,0.08877145,-0.47534525,-0.11169747,0.18003544,0.075770415,-0.08625365,0.041478347,-0.32775673,-0.0939115,-0.18526384,0.0392157,-0.25838444,-0.13595232,-0.39201495,-0.06600758,0.21600091,-0.18726055,0.06717208,0.49584365,-0.16847318,-0.05368045,-0.15434746,-0.049176436,0.35262367,-0.011288353,0.22959122,-0.15359434,-0.227865,0.623881,0.10671094,0.12032619,0.50748146,-0.049735654,-0.5033514,-0.19758056,0.51241755,0.070005685,0.26340458,0.0015787601,-0.46947414,-0.2736091,-0.18415388,-0.033076435,0.08534359,0.4525352,-0.5357234,0.20947121,-0.081855126,0.058933083,-0.0028771854,-0.516923,0.29831284,-0.6723848,-0.11680067,0.24356012,-0.35850036,-0.03708577,-0.58438456,0.38318032,0.5912042,0.16511051,-0.35853252,-0.3141762,0.24148466,0.43595994,-0.17536302,0.231857,0.08463418,-0.015373375,-0.08971571,0.14998347,-0.24278553,0.22564276,0.25575516,0.9155912,-0.010250512,0.06383989,-0.37051252,0.018272422,0.9311172,-0.30538073,-0.060961295,0.37374377,0.22014412,0.28176472,0.34046853,0.33281595,-0.08286554,0.08080964,0.039538678,-0.20860489,-0.29870272,0.3697725,0.08266106,0.031197045,-0.5875643,0.25255656,-0.1477305,0.64267176,-0.106138155,-0.11359641,0.17890343,-0.14423671,0.117413886,-0.20167036,0.51737237,-0.10068352,-0.48769036,-0.78003556,-0.016446687,0.06153135,0.18275699,-0.3209546,-0.18298891,-0.025674837,-0.08852311,0.03959627,0.036704324,-0.14734757,-0.0682682,0.29333568,-0.18237087,-0.4124475,-0.026104813,-0.35282335,0.98605514,0.4419413,-0.7387857,0.22244531,0.059751898,0.34435353,-0.23889755,-0.299814,-0.09407683,0.041487142,-0.18570997,-0.40080863,-0.14468767,0.52578866,0.3502021,-0.61048377,0.36639374,0.38343242,0.3603729,-0.26751128,0.5564517,-0.26622844,-0.26496658,-0.24600941,0.34667602,-0.3542381,-0.03347785,-0.5585496,-0.50298727,0.01547562,-0.11745741,0.09178216,0.13364203,-0.06429245,0.07387509,0.38385022,-0.15288368,-0.14919673,-0.14652754,0.4952586,-0.40436563,-0.24601106,0.23349103,0.0335127,0.52727205,0.21601315,-0.17891257,0.33747664,0.630437,-0.13347073,-0.5812227,-0.09562373,0.015957303,-0.08708378,-0.09963006,0.09806414,0.026018094,-0.053184845,0.13775991,-0.08883391,-0.018943632,0.6030929,0.20960952,-0.15153907,0.014781481,0.10133842,0.0031993722,-0.1255107,-0.38237518,0.8716004,-0.036003202,0.07742162,0.11327206,-0.20555134,-0.36122286,0.04708862,0.12231854,0.21747619,0.18841067,0.26678678,0.004502869,0.26133063,-0.45473906,-9.888196,-0.44166863,0.15503776,-0.21894032,0.15253656,-0.08112946,-0.16944356,0.106398284,-0.58702683,0.10084167,0.17693806,-0.27948466,0.08165637,0.03650968,-0.32901645,-0.347605,0.1326469,-0.012248056,-0.06460013,0.35407203,-0.17256537,-0.57291806,0.46547613,0.11548079,0.24334922,0.28738272,0.10391071,0.023341699,0.2682036,-0.22222163,-0.16216,0.080677755,-0.33551696,0.97514033,-0.052456427,0.11323349,-0.30304837,-0.26547158,0.11990567,0.47976136,0.18933608,-0.73832625,-0.49262863,0.04224197,0.69676024,-0.2762171,0.20509394,0.15192789,0.27936447,-0.39214107,-0.15471086,-0.28283894,-0.07574595,-0.35864753,0.07972131,0.19315837,0.0713307,0.4853322,0.07454425,-0.67530805,0.38520545,-0.0061068595,-0.560714,0.32670102,-0.21598582,-0.07241028,-0.9127754,-0.43751222,0.13532327,0.09330279,-0.08283231,0.33994475,-0.06141284,-1.5401871,-0.4753061,0.20091373,-0.02405026,0.12275755,-0.12258418,-0.30607757,-0.5670584,-0.09217393,0.18065703,-0.104900576,-0.4180754,-0.5950333,-0.19303778,0.10428347,-0.46515265,0.09105262,-0.13240941,0.5207845,0.14130928,0.08640152,-0.028008778,0.21686797,0.53929067,-0.29871905,-0.21174091,0.27203265,-0.19066131,-0.20953698,0.37432113,0.06356801,-0.4554388,-0.18687335,0.008642745,0.11629686,-0.11065036,-0.06287141,0.0074964566,-0.1324102,-0.19510464,-0.7860919,-0.114457674,0.104498155,-0.05429574,0.8030896,0.20069313,-0.48141766,-0.3861703,0.016174976,-0.50595737,-0.2537002,-0.12063387,0.17343345,-0.3444195,0.3349475,-0.036076073,-0.10175151,0.0048241206,-0.32011804,-0.27613047,0.42642528,-0.15981853,-0.009603599,0.17364965,0.16297609,-0.61963457,0.09200528,0.5747928,0.2524379,0.033882067,-0.06646749,-0.28911123,0.025637615,-0.22120926,0.31152064,0.10392776,0.450486,-0.40645045,-0.7298219,0.17048275,-0.14627743,0.17218548,0.66989326,0.25901666,-0.23655266,-0.288603,-0.24899921,-0.016824234,-0.028249703,-0.033514403,-0.11561622,-0.14928801,-0.13333255,-0.16274764,0.15450141,-0.006481024,0.011717346,-0.42671695,0.14101058,0.017120542,0.1389141,-0.26612273,0.19898967,0.31083488,-0.060632933,0.020106781,0.501017,-0.06046843,0.017965268,0.11934407,-0.153359,0.3968979,0.08871691,0.36605412,-0.052897736,-0.092802376,0.35648587,-0.6254641,0.6724068,0.0019812868,-0.5678969,-0.089047946,-0.49654925,0.7128523,-0.11178596,-0.0796764,0.2572226,-0.21439219,-0.22120403,-1.0927788,0.3821191,-0.4481957,-0.047116842,0.022351181,0.50809205,0.037249073,0.2540942,-0.38395527,-0.31257734,-0.11206512,-0.3119213,0.18646379,-0.58186346,-0.2072545,-0.40783283,-0.7592987,0.44026044,-0.19189537,0.021293974,0.24533029,-0.113325864,-0.226715,-0.15401784,0.0431319,0.2907865,-0.46363625,-0.12251379,-0.004124212,-1.3171735,0.096219,0.053400874,-0.29629195,-0.16535893,-0.05710289,-0.21140282,0.18819508,-0.0901371,-0.14828996,-0.80304605,-0.32831326,-0.62601805,-0.36361936,-0.052227076,0.15031475,0.45151034,0.16563182,-0.123442896,0.6640186,0.0064049554,-0.19882166,-0.31808892,0.0400245,-0.6717274,-0.44048786,-0.41234273,-0.17824629,0.017101495,-0.54278505,0.34066585,-0.20107336,0.13428517,-0.15114725,-0.040114287,-0.09914098,0.4146248,-0.07127965,-0.19589508,0.20468533,-0.23495986,0.06406932,-0.164507,-0.073540516,0.04293406,-0.2712111,-0.5160716,0.41303673,-0.16145268,-0.5023653,0.02923921,0.55890393,0.4242655,0.3879692,-0.046227317,-0.025596583,0.14169763,-0.4478846,0.65916735,0.24487476,0.41159594,-0.05074267,0.02114869,0.2757468,0.31405342,0.76058966,0.02346856,0.37775832,-0.059170328,-0.23687772,-0.2643515,0.7486517,0.23422296,-0.26104218,-0.0065302467,-0.30751866,-0.10955386,-0.2879509,-0.6884608,-0.07335319,-0.27223298,0.3069342,0.46331215,-0.014370732,-0.024140097,-0.54461145,0.0085158255,-0.15082984,0.25533292,-0.2808852,0.04751553,0.50966424,-0.41246226,0.18324287,0.0192582,0.36795518,-0.15631177,0.33289844,0.34629673,-0.45550242,0.73121625,0.1897851,0.026089268,0.059143938,-0.26815045,0.015237126,-0.14846693,-0.24651825,0.19045258,-0.1654627,0.21822086,-0.009634532,0.35190406,-0.095757335,0.11928245,0.29304078,0.20023432,0.6457842,0.77551305,-0.23849404,-0.13148727,0.33055076,-0.16054523,0.45064652,-0.2653853,0.07034091,0.46702757,0.16126499,0.39762998,0.10797338,-0.0685759,-0.015406771,-0.78756905,0.14525399,0.042909406,0.1432108,0.29526517,0.01429854,-0.29848948,0.16356823,0.09984794,0.054713782,0.07244235,-0.167822,0.32775447,0.16235909,-0.24286133,-0.17275386,0.20232594,-0.17701834,-0.3135078,-0.5322195,0.05519092,-0.53068656,-0.2434923,0.15727468,-0.10664885,-0.14301777,-0.41165665,-0.6326541,0.08119984,-0.064982556,0.24008892,0.023015883,-0.35806093,-0.014772806,-0.1362297,0.20255509,-0.36165896,0.3042899,-0.40729526,-0.025580766,0.16920908,0.3283224,0.15645632,-0.21958582,0.53975296,-0.75447655,-0.23943327,-0.25879893,0.3622843,-0.07186972,0.06469736,-0.051824257,-0.15859504,0.08210392,-0.11252275,-0.17342764,-0.17856866,-0.30878612,-0.13676897,-0.36672318,-0.31058222,-0.13001393,0.016168341,0.14148785,0.15474138,0.135334,-0.20813335,-0.15632403,0.22535397,0.011647391,-0.51155627,-0.1364821,0.0012914671,-0.15921335,0.28627214,-0.0296255,0.10941757,-0.27386642,-0.031321853,-0.0029354081,-0.012009979,0.11204154,0.27096128,0.10369603,-0.16711622,-0.30776507,-0.30878174,-0.47472057,-0.2497085,0.030268122,-0.109021045,0.2792827,-0.017025921,-0.29370883,-0.23314945,0.28979513,-0.016132012
0.7098682,-0.3893812,0.25046495,0.21052414,0.38518336,-0.12747687,0.049408365,0.7247848,-0.35747707,-0.23079139,0.10936204,-0.11069317,-0.14907932,0.12580341,-0.31136832,0.18801151,-0.54038656,0.4367135,0.28224805,0.21595147,0.5584587,0.3786941,0.006207337,-0.23258145,0.40839672,-0.091278955,-0.28432104,0.19503374,-0.3378033,-0.39028984,0.25432572,0.30988643,0.32837343,-0.0075200894,-0.15429391,-0.4637607,0.2732175,-0.3065961,-0.32726592,0.46875334,-0.5940579,0.186404,0.5111333,-0.08344571,0.052040257,0.34048423,-0.18672676,-0.44671836,0.06696974,-0.6305756,-0.08959218,0.1308888,-0.6742045,0.04051683,-0.18807371,0.5728665,0.503733,-0.6746737,0.00023849888,0.12631682,-0.41132182,-0.16140454,0.08729053,0.13449514,0.08881298,-0.1984171,0.3560871,0.51366705,-0.642663,0.27930737,0.32130986,-0.024912314,-0.018758923,0.4548102,-0.20655392,0.011809519,0.10201269,0.5612872,-0.05301541,-0.41055846,-0.3284279,0.5710519,0.25271294,0.08607201,0.57399774,0.29022154,-0.2110375,-0.10153973,-0.19586131,0.34807646,-0.16423719,0.04087857,-0.2696579,-0.089603454,0.777961,-0.2686529,-0.83827955,-0.15819985,-0.16090845,0.16702506,0.35747173,-0.52712655,-0.19723564,-0.10780374,-0.21229959,-0.07683769,-0.30576384,-0.02538107,0.4431206,0.18380032,0.17562756,0.17636164,0.050632577,-0.2923144,-0.4469439,0.3621099,0.17006359,0.26733246,0.2923673,0.039652664,-0.37124312,0.15654433,-0.033587404,0.32737023,0.56938684,0.5370721,-0.073843926,-0.4769516,0.37874943,0.36905482,0.34537357,0.45553747,0.32900926,-0.40576097,0.1109766,0.040820085,0.21893327,0.1590975,0.13689524,-0.32117966,0.039189003,0.71978885,0.01825707,0.25984707,0.5889372,0.09462789,-0.06896898,-0.11184016,-0.054324884,0.295365,-0.41430688,0.3722588,-0.4241539,0.04398103,-0.15012325,-0.14747584,-0.29989132,-0.2797562,0.11791515,0.08761845,0.060059786,0.048619587,-0.3912927,0.4071276,-0.18956909,0.0094746305,0.14566727,0.195069,0.035884194,-0.10855095,0.045711573,-0.41423514,0.54750854,0.30923027,0.5994885,0.30486667,-0.08090287,-0.08936469,-0.249553,0.7956922,-0.6708994,0.02258402,0.31950977,-0.20183015,0.012549002,-0.17555502,0.28259262,-0.00097399805,0.61508507,0.4497588,-0.15512858,-0.19506453,0.042680103,-0.27905428,0.19475763,-0.4121353,-0.143062,-0.13885182,0.34780207,-0.10416267,0.29406404,-0.01358628,0.38878053,-0.16945808,-0.56746835,0.60768676,-0.0359632,-0.3003167,-0.31193447,-0.02925677,-0.13349956,0.8969808,0.1579391,-0.4181627,-0.05828529,-0.09714292,0.29894865,0.18864238,-0.17585272,0.24071363,0.22289535,-0.3213957,-0.58460546,-0.040361427,-0.21507792,0.80290914,0.20993334,-0.07096364,0.5073209,-0.0004201341,-0.1065691,0.074988626,0.032756966,-0.02812592,0.1776597,-0.052156284,-0.072476596,-0.43453696,0.20230132,0.3565481,-0.19805188,0.04131423,0.23270424,0.24422175,0.07084176,0.020571092,-0.19989447,-0.43689057,0.25457785,-0.28198916,0.009915221,-0.5419814,-0.11910527,-0.48408625,0.051526,0.07795936,-0.0757988,0.08784888,-0.22535113,-0.3106432,0.12924463,0.24040334,0.5373123,-0.14551756,0.17019348,-0.22087342,-0.0018999398,0.03380855,0.1581592,0.18623203,0.2266985,-0.31050882,0.08589056,0.40351197,-0.2779292,-0.40912718,0.09856728,0.33057523,0.2365048,-0.111156106,-0.21354096,0.5639413,-0.25578675,0.007986831,-0.060773153,-0.07273798,0.22009665,0.09806003,-0.22871977,-0.18979448,-0.40567392,0.040653616,-0.18949646,-0.16117884,0.89054257,0.2458676,0.037030425,0.21552862,-0.4356881,-0.812181,-0.08879738,-0.16628557,0.3349629,-0.13396586,-0.13485219,-0.07965421,-0.36596668,-0.38180256,-9.54439,-0.33900335,-0.2671699,-0.25627935,-0.14932197,-0.42667162,-0.022394905,-0.026574008,-0.017421879,-0.19547695,-0.25115955,0.16221048,-0.031108137,-0.44505018,-0.60313773,0.36559644,0.3564594,0.07715188,-0.18517742,-0.05857602,-0.17449343,-0.1860582,0.31624076,0.19666772,0.113464504,-0.0071840906,-0.15214731,0.20435818,-0.058859985,0.15282574,0.12195667,0.07186874,0.106881976,0.87220323,-0.3002944,-0.037604336,0.084501535,-0.16236034,0.33794877,0.14912957,-0.015032591,0.45255053,-0.06524472,0.12821037,0.41105613,-0.54404294,0.36934686,0.35206154,0.04588789,-0.044096306,-0.08889528,-0.22118303,0.214692,-0.45382154,-0.053007256,-0.0030700804,0.41498402,0.82113516,0.24576347,-0.50519234,0.59031576,-0.31185994,0.20460236,-0.4999583,-0.24269992,-0.110458285,-0.49008432,-1.0106529,-0.31890377,0.39924154,-0.5117086,0.43940657,-0.21029761,-1.9118837,-0.40292016,0.22886065,-0.28145722,0.3926066,0.030753413,-0.3940107,-0.5689233,-0.23312794,-0.09197997,-0.2667519,-0.29947314,-0.61789745,-0.3677535,-0.6104761,-0.076567315,0.07365837,0.34709185,0.1329772,-0.18082187,0.52314126,-0.15335889,-0.14852127,0.44133282,-0.48521078,-0.011475596,0.004360815,-0.046391573,-0.089892365,0.01974002,-0.117035046,0.042357426,0.02724847,0.06730565,0.13255507,-0.05966603,-0.032871548,0.07164117,-0.185695,-0.45207727,0.069729395,-0.67717534,-0.06859431,0.10404274,0.27352083,0.318092,-0.36407325,-0.2166116,-0.06755069,0.061109822,-0.59085315,-0.010669967,-0.007358422,-0.019065954,0.23562591,-0.33182418,0.04348627,-0.08270224,-0.14797363,-0.054678008,0.166726,-0.18785684,-0.20618682,-0.11590049,0.13553339,-0.15240175,0.11741482,0.08618851,0.19317947,0.2896167,0.046337795,0.3141283,-0.07393601,-0.14237542,0.20769234,-0.18465574,0.78157276,-0.5808799,-0.8528939,0.03061774,-0.0006177177,-0.054045904,-0.17230295,0.40045193,-0.105634846,-0.3443989,-0.67655265,0.058744337,-0.21742493,0.0478283,0.4259996,0.06564864,0.050775245,0.12655261,0.0720993,-0.109719984,-0.24865372,-0.13175346,0.20279224,-0.08399031,0.41738123,0.06828018,0.27621052,0.13999398,-0.16796464,-0.473025,0.27290133,-0.047625843,-0.09303962,-0.21378633,-0.26753423,0.08847352,-0.009181409,0.19016808,0.19932619,0.33268458,0.35880935,-0.4391344,0.78519434,0.20231353,-0.48808438,0.14463612,-0.5423266,0.5922889,-0.11413157,0.15151255,0.16158922,-0.30668807,-0.09810453,-0.27316982,0.3989891,-0.21200061,-0.01351692,0.14877862,0.042950884,0.17825383,-0.050732657,0.013611404,-0.4586948,0.09146662,-0.75012124,-0.04911421,0.07044886,-0.23203656,-0.21332675,-0.48048723,-0.14268486,-0.13593213,-0.0032607839,-0.11389731,0.19339822,0.040577143,-0.0035867344,0.12606233,-0.040304277,-0.087242305,0.17599735,-0.18657525,-0.68620765,0.056128733,0.21895835,-0.18949604,0.2871417,-0.5001626,-0.055031855,0.025319133,-0.31924888,-0.39895913,-0.74709094,-0.2283722,-0.6452838,-0.26654464,0.0035312895,-0.27565354,0.40177894,-0.17885827,0.18121225,0.42060515,-0.17900681,-0.058819216,-0.48071617,-0.15175547,-0.48258284,-0.36729684,-0.124567986,-0.18904726,0.48686627,-0.43893299,0.7579133,0.3018993,0.32494146,-0.10139115,0.10342196,0.0039307666,-0.17754447,0.022702822,-0.3879607,-0.041469797,0.046864636,0.24953736,-0.13935898,-0.15058824,-0.428997,-0.2797916,-0.30054754,-0.044329878,0.101107545,-0.4689852,0.34322238,0.35382774,-0.11143042,0.48724753,0.077892184,-0.13230024,-0.0052318913,-0.16903484,0.21467502,0.16630058,0.6418158,-0.5434529,0.3645046,0.15368855,0.29132494,0.20988107,-0.41049024,-0.24690525,0.0027922562,-0.020412773,-0.12505132,0.45891455,0.2423191,0.0073505756,0.2504161,-0.13540964,-0.3581671,0.13159472,-0.15151347,-0.205324,-0.13123074,0.26621044,0.80899435,0.07071145,-0.27497315,-0.45567787,-0.34309646,-0.52412057,0.2915328,-0.27295262,-0.1555459,0.66918826,-0.20512158,-0.20498233,-0.15354869,-0.081169575,-0.1717089,0.006325549,0.2924937,0.009014353,-0.0093401065,-0.22951354,0.22241783,0.19573276,-0.2261627,0.049527332,-0.21602742,-0.3466168,0.031450994,0.11179687,0.22635463,-0.4471043,0.081087396,-0.2893398,0.08118314,-0.3734389,0.22978714,0.6676599,0.42174327,-0.039972857,0.34366155,-0.21260792,0.023572156,0.13512786,-0.29587317,0.050221357,0.05148339,0.16951616,0.42136338,-0.057845704,0.031591546,-0.0045372704,-0.89182484,0.420756,0.30613908,0.005402429,-0.03666709,-0.07734212,0.16616544,-0.23875864,0.051936947,-0.0288894,0.12445572,-0.23650673,0.355614,-0.31643075,-0.046430353,-0.20333335,-0.10782331,-0.3504665,-0.2442757,-0.19173898,-0.20554279,0.1218666,-0.57333434,-0.35959122,0.00057158206,-0.01831303,-0.40469113,-0.34736955,0.12738453,0.10875267,-0.45798004,0.2743359,-0.3785745,-0.14062579,-0.01203999,0.20243992,-0.19368535,0.38358003,-0.52443486,-0.07280269,-0.17319119,-0.17725447,0.020579925,-0.10985288,0.30294734,-0.37169993,-0.14330938,-0.12515485,0.550209,-0.04125332,0.26293674,-0.34445223,0.14728528,0.13333414,-0.14505702,0.14927767,0.20331769,-0.19641113,-0.2472958,-0.09947981,0.07962182,0.20427817,-0.2618111,-0.28368455,0.20148621,-0.021897834,-0.15212099,-0.55073255,0.35972816,0.23860604,-0.032560732,-0.27295005,-0.13925344,0.14134221,0.02448239,0.38585043,0.124218546,-0.39240888,0.32269394,-0.13367094,-0.08162108,-0.12761521,0.24406004,0.28537175,-0.0025160164,-0.5447805,-0.49487913,0.2589306,-0.23127116,-0.13117874,-0.36141104,0.33978692,0.23761098,-0.24289234,-0.68513834,0.08887736,0.10141768
0.33967593,-0.03023268,0.6549392,0.03421522,0.36037627,-0.16252063,-0.22009188,0.4969899,-0.26488078,-0.40275523,-0.011404267,-0.4367489,-0.09377634,0.14987817,-0.3381546,0.66236544,0.07607555,0.5153563,0.15422226,0.13661581,0.53003514,-0.3432822,-0.32062545,-0.2527863,0.23776464,0.0062410706,-0.22022238,-0.013296107,-0.47642362,-0.16775589,0.20685114,0.1607303,0.17883568,0.17520757,-0.13209167,-0.48792347,-0.3024562,-0.04612274,-0.33616328,0.32563266,-0.41072655,-0.14735754,0.2932903,-0.050597884,-0.43757996,0.2294654,-0.08520723,0.010689982,-0.16570358,0.15549289,-0.53275144,0.10247083,-0.51809126,0.054977264,0.06042702,0.38294566,0.53242445,-0.665394,0.12989712,0.09503621,0.07020357,-0.17441347,-0.00430707,0.21162286,-0.17880379,-0.26996008,0.058130287,0.46586597,-0.28582075,0.06389607,0.34545657,0.16907269,-0.23173362,-0.18398838,0.27264777,0.36559162,-0.21619406,0.37423816,-0.07249766,-0.22366144,-0.079910666,0.35170203,-0.13529932,0.14435065,0.18689048,0.11411135,-0.21137199,-0.1904102,-0.5129846,0.047451526,0.2286983,0.10883178,0.03343682,-0.018496545,0.58677936,-0.58857477,-0.7748781,0.033181548,0.17713812,0.26188108,0.23225254,-0.57334936,-0.032106377,-0.055102967,0.08985578,-0.21562749,-0.61837053,0.39250824,-0.081932135,0.03864817,0.020411676,0.30817065,0.32425892,-0.37106606,-0.46747008,0.18692322,0.14076631,0.0077017928,0.035473764,0.06840991,-0.29393965,0.63687825,0.16573761,0.21222763,0.37849408,0.15107106,0.49203274,0.025818773,0.2786632,0.206014,0.10741516,0.59371096,0.3476221,-0.4345162,0.417611,-0.07712984,0.13208322,-0.33606488,-0.08769082,-0.49869385,-0.051094767,0.09005568,0.05389917,0.4413091,0.32695144,0.19234861,-0.17992344,-0.30407593,-0.0800609,0.17907348,-0.4258456,-0.21151455,-0.2240333,0.16723247,-0.5449929,0.21952341,-0.21434759,-0.39833555,0.25197017,0.16573693,0.38805857,0.051726017,-0.26275107,0.13096885,0.42062968,-0.6360594,-0.23677826,0.19348,0.14821559,-0.16405146,0.28908628,-0.37467742,-0.055793352,0.3527618,0.61284506,0.23296313,0.006500691,0.04995904,0.15589422,0.37621877,-0.54471046,-0.1055716,0.31115815,-0.19766964,-0.08448799,0.5680336,0.81466967,-0.28226146,0.4024311,-0.07868557,-0.52224183,-0.39355576,-0.19668853,-0.32637852,0.5886334,-0.512155,-0.40449235,0.012706459,0.0058024735,0.011747668,0.39144847,0.18861943,-0.059729066,-0.25560832,-0.33866054,0.29062638,0.31883147,-0.20205832,-0.22566368,0.26445615,-0.18952233,0.39897826,0.18814148,0.06511456,-0.029095938,0.42788085,-0.096090086,-0.77729857,0.12419616,0.28653094,-0.15363969,-0.07206232,0.05344762,0.25931588,-0.4396156,0.91939145,0.09988709,0.12720893,0.4589425,-0.20900187,-0.026028145,0.16235721,0.3302802,-0.09835195,0.0004829666,0.05808539,0.17545624,-0.3377593,-0.1049403,-0.22474128,-0.33987713,0.31431577,0.32798064,0.023035321,-0.21944384,-0.077721454,-0.46173123,-0.40987447,-0.042978033,-0.23102997,-0.46464932,-0.18645042,-0.36927956,-0.3989524,0.2698145,0.2726962,0.09659046,-0.22541842,-0.33599868,-0.2116196,-0.07812393,0.22801542,-0.07114336,0.07150054,-0.5873929,-0.35984367,0.08826477,0.057510473,0.3980353,0.17173243,-0.32314366,-0.2929273,-0.15361634,0.80886793,-0.21463273,0.19600578,0.27212504,0.2055869,0.26617748,-0.41041547,0.43136036,0.2845152,0.03864803,0.18713067,-0.31405163,-0.402639,0.37968045,0.31179568,-0.22881486,-0.30481637,-0.12521905,0.4340245,0.11530388,-0.41562486,0.8330089,0.25474095,0.16787636,-0.2323697,-0.3391457,-0.5318297,-0.5937169,-0.32359898,0.16091424,-0.11944749,-0.7403349,0.06247946,-0.551806,-0.3560836,-12.039535,-0.2707028,0.024889551,-0.12231118,-0.017408635,-0.7476318,0.26899564,-0.11760482,0.588579,-0.021543693,0.21555573,-0.074086756,-0.17087467,0.12499284,0.028340401,0.06438671,0.5641059,0.089660384,-0.1216231,0.46363616,-0.47517952,-0.16260363,0.46316803,-0.02827537,-0.18519016,0.47591886,0.084186085,0.17644441,0.09381503,-0.27168152,0.022299113,0.017361337,-0.340191,1.5752203,-0.16793975,0.14860106,0.32901037,-0.26614967,-0.084693596,-0.20150927,0.2219339,-0.3163201,-0.40272832,0.18283066,0.48748094,-0.59007984,0.15187411,0.3753985,0.43964505,-0.051315974,-0.32042438,-0.34683824,0.0020997701,-0.037444334,0.026490228,-0.10453901,0.27020833,0.9628833,-0.14158794,-0.65653086,0.07163946,-0.45162746,-0.71852994,-0.0468554,0.09445129,-0.06420237,-0.26287544,-0.3893625,0.15210691,0.14957952,-0.38058972,0.2727138,0.014370123,-1.4478914,-0.36961824,0.2739762,-0.14800642,-0.03730261,-0.44327807,-0.18932547,-0.51337874,-0.3173816,0.0374542,0.10561874,-0.54200137,-0.638127,-0.088678256,-0.25228053,-0.23223312,-0.13819651,0.33130357,-0.39363983,0.07920389,0.3729609,0.08087413,0.049667567,0.7017555,-0.5730691,0.07029175,0.055012465,0.52825564,0.491554,0.400274,-0.23206335,-0.029041333,-0.09835636,-0.42468125,0.06475964,0.25693166,0.14693671,-0.40604496,-0.08955601,-0.27065194,0.10988027,-0.315068,-0.326321,0.628637,-0.30177763,-0.08118855,-0.2887804,-0.21564247,0.3706221,-0.67205733,-1.2331883,-0.3265513,-0.31893978,-0.20775379,0.31427124,-0.43655407,-0.16763216,0.04402308,-0.21425126,0.02768002,0.3690931,0.4686574,-0.5700802,0.22584541,0.012312591,0.45183322,-0.092972495,0.099900655,-0.1255953,0.18780339,0.3496674,0.020294614,0.117130585,-0.23810714,-0.23911268,0.051516145,0.17445007,-0.5529305,-0.75823945,0.17462507,0.40176213,0.37979302,0.29971746,0.084007084,-0.6407768,-0.114964515,-0.7319739,0.029316273,0.18942654,0.226246,0.24957536,-0.15413567,-0.42685246,0.34662297,0.20818454,0.082690954,-0.12473188,-0.51356655,0.3873559,-0.0112319,0.027881097,-0.0014309325,0.047306005,0.20615795,0.18200779,-0.14608821,0.33147907,-0.123525135,0.0064393496,-0.016971802,0.17518747,0.45408154,0.09271825,-0.009427646,-0.13388222,0.41292202,0.5514425,-0.38011193,0.4571761,-0.14073327,-0.7742914,0.22685406,-0.37952876,0.6461285,-0.5041655,-0.024626954,0.49345374,-0.03843221,0.5138472,-0.4892535,0.1683391,-0.34126404,-0.13561298,-0.5240759,0.51836014,-0.13493349,0.13687491,0.31138977,-0.4245239,-0.40284166,-0.5958565,0.24883953,-0.035678793,0.04249391,-0.43266803,-0.31378523,0.3222941,0.25635776,0.16581531,0.12262597,0.27552548,0.14538345,-0.20610633,0.2635403,0.20264637,-0.04723396,-0.15467344,-0.12394271,-1.0447618,0.074854806,-0.031187985,-0.060782723,-0.19180897,0.1908231,0.16438347,0.28456813,-0.31500486,-0.43348664,-0.49115342,-0.74772835,-0.17545947,-0.21829326,0.36613086,-0.061330058,-0.0036344063,-0.38608006,0.43631148,0.08859164,-0.22324377,-0.30448854,-0.20887436,0.06410779,-0.5609501,-0.18542616,0.0748459,-0.559951,0.5543113,-0.21758364,0.24814703,0.36480117,0.18555152,-0.21459629,0.22838247,0.073019356,0.5364334,0.02771279,0.021736436,-0.13501666,-0.24259457,-0.037081875,0.15914075,-0.33880693,-0.02781302,-0.8158912,-0.11184017,0.36547303,0.012549527,-0.5707759,-0.30120897,0.08545066,-0.33469933,-0.042438973,0.060198568,-0.060375728,0.14224204,-0.21495745,0.3086065,0.12619065,0.55950147,0.072021805,-0.28920138,0.27618295,0.4188014,0.6765813,-0.3854752,0.15061969,-0.010171172,-0.0067064203,-0.19836986,0.4243809,0.27063134,0.12945783,0.23413262,0.3241265,-0.43473685,0.27099454,-0.14135683,-0.12424737,-0.15798503,0.7790817,0.31421563,0.21837302,-0.4859589,-0.062231585,-0.25014684,-0.25908124,0.2806634,-0.45063853,-0.09058244,0.552938,-0.14378107,-0.5596507,0.11903896,-0.20556769,-0.06855918,0.1593389,0.0404773,-0.020856075,-0.016221099,-0.17626917,0.45436436,-0.26089048,-0.2212638,0.25599572,-0.29890573,-0.36134458,-0.12407791,0.023632873,0.34183562,0.04454191,0.23848069,-0.52494687,0.32824042,-0.183845,-0.10176169,0.26391757,0.27797812,-0.120791025,-0.17719202,-0.20224749,0.33743903,0.0675317,0.009350881,0.2890019,0.15558991,-0.14868426,-0.06386206,0.12764826,0.20941626,-0.2841366,-0.40985867,-0.010209811,-0.017387994,0.507386,0.035727788,0.22064067,-0.2824459,0.30260748,-0.087163486,0.05312611,0.07113749,-0.2425343,0.36721912,-0.08458189,0.06837091,-0.7684101,-0.017429244,-0.10374291,0.020735381,0.14550242,-0.09043919,0.15225199,-0.44004565,-0.23657665,0.18088579,0.26604977,-0.12593071,-0.4427086,0.29404944,0.296602,-0.16862448,-0.32079896,0.22861381,-0.04184067,0.26218405,0.5093245,0.069566324,-0.19341958,-0.07918878,0.20424777,0.20500311,-0.32093465,-0.20840494,-0.3274946,0.57950896,-0.67317235,-0.44839343,-0.25843564,-0.017512936,-0.010963099,-0.10728489,0.11743002,0.2107267,-0.006549822,-0.047478527,-0.10061983,-0.07272058,-0.27212,-0.4458808,-0.066862226,0.3137749,-0.19887713,-0.1050399,-0.03240766,0.18560928,-0.15885755,-0.1976746,-0.30329776,0.35898724,0.16963448,-0.062433947,-0.30957997,-0.2024527,-0.3876818,0.18014435,0.18538801,0.28627026,-0.50312704,0.177623,-0.13179354,-0.0024962798,0.19254063,0.25561225,0.448708,-0.026363311,-0.6250884,-0.7354875,-0.1442985,-0.15267658,-0.36389184,0.119642526,-0.30940035,0.4059072,-0.2065962,-0.7699136,0.09647945,0.07138576
0.22978586,-0.24526848,0.2822392,0.09080436,0.1281038,-0.06799539,-0.19229789,0.93428946,0.20016778,-0.19622797,0.38498583,-0.30099815,-0.29644024,0.37441945,-0.082517356,0.2229179,-0.20981993,-0.12755379,0.38143772,0.046110135,-0.037057392,0.17450164,-0.6003285,0.23606451,0.20885919,0.008928249,-0.15171051,-0.15243126,-0.549562,-0.06407322,0.34927288,0.25524715,0.15164584,0.041791625,0.2359139,-0.72577184,-0.120854855,-0.10875814,-0.17203656,0.123918205,-0.6345556,-0.116218366,0.16226095,-0.09159527,-0.38997498,0.20767796,-0.21862134,-0.15634046,-0.234832,-0.44459632,-0.741748,0.22663589,-0.059152216,0.24696594,0.59194106,0.32579827,-0.33719388,-0.44840172,-0.18196563,0.14512108,0.20830098,-0.05113823,0.1592334,-0.4381739,-0.008266182,-0.18670171,0.34523594,0.10153036,-0.8227794,0.63647586,0.22210407,-0.11302222,0.04376693,0.121973604,-0.17697456,0.012271708,-0.13226505,0.44082463,0.32044968,0.08920104,-0.17527732,0.45664266,0.29376927,0.2024983,0.22272524,0.41733548,-0.0970152,-0.07258604,-0.5555373,0.1431825,-0.023724232,-0.2677549,0.09934225,-0.09586289,0.80190206,-0.6318507,0.044955745,0.042118434,-0.4802941,0.017068654,0.2938344,-0.26157865,-0.2852833,-0.7205931,0.17182732,-0.051941615,-0.13897656,0.28390697,-0.2986719,0.28895742,-0.15260719,0.6193446,0.032426212,-0.15258865,-0.15131773,0.19961157,-0.2827756,-0.07161565,0.08475624,-0.31187165,-0.17460988,0.57077396,-0.078107715,-0.17647046,0.19779581,0.2356139,0.19454178,-0.1450509,-0.06721965,0.040982947,0.34818217,0.6163604,0.66152954,-0.5251378,-0.15101765,-0.03924527,-0.084684566,-0.19317307,-0.5985558,-0.3229305,-0.17273222,-0.074668944,0.39824924,0.05796005,0.3143466,0.29746574,0.07833472,-0.3312017,-0.09933329,0.15668997,-0.6776306,0.37518266,-0.61584765,-0.16404594,0.017801594,-0.07817062,-0.48744714,0.27295166,0.056293167,0.018767877,-0.13905936,-0.197699,-0.16210406,0.32379237,0.3526202,-0.036925048,0.2483693,0.39793357,0.33022922,-0.10876565,0.1736581,-0.4863069,0.07288164,-0.13591036,0.013824924,0.4011761,0.08074748,0.015168534,0.51302356,0.2346851,-0.5852095,-0.0732576,0.27251732,-0.46798575,0.0049958373,0.0242541,0.044937305,-0.34808013,0.08518965,0.4413809,-0.5777739,-0.11839788,-0.03563584,-0.16248499,0.048087142,-0.321457,-0.12892371,-0.38358793,0.16460037,-0.06470487,0.23923266,0.033037633,-0.11538614,-0.34981003,0.017737437,0.2101633,-0.0720789,-0.107112795,-0.3632028,-0.026414437,-0.31527734,0.3315324,-0.08966278,0.010711267,0.09536883,0.3238782,-0.082074426,-0.33064106,-0.13157426,0.012550696,-0.22003703,-0.12578197,-0.2044679,0.48301542,-0.16998239,0.7730683,-0.051794887,-0.28152698,0.47091848,0.33718285,-0.0652811,-0.10049496,0.53763145,-0.2601695,0.12103991,0.25971484,-0.34835964,-0.6492851,0.39735302,0.21324913,-0.021701932,0.36219743,-0.020551657,0.5032828,-0.18346834,0.17162175,-0.5551103,-0.6559304,0.053089414,-0.21984072,-0.33292207,-0.12259183,-0.18991281,-0.46269616,0.30345207,0.2724493,-0.16534895,-0.20771205,-0.3790719,-0.09113253,0.23932102,0.23054892,0.052938562,0.048777178,-0.24803919,-0.40677536,0.17298247,0.09754183,0.25548768,0.26385722,-0.13727057,-0.52779585,-0.1925844,0.5061451,-0.3009025,-0.16954319,0.20824444,-0.003078189,0.06969525,-0.078710034,0.21416083,0.1419105,-0.13811192,0.065835945,-0.18709864,0.0109182475,0.38239455,-0.16579704,-0.27170268,-0.3092669,-0.286594,-0.21471848,-0.36837283,-0.24640676,0.8057312,0.5783192,0.21455252,0.12576558,-0.23710841,-0.3280748,-0.3477588,0.050120775,0.4519074,-0.21557574,-0.08863501,0.08513716,-0.70971036,-0.43444267,-8.393161,-0.023056388,-0.0069402363,-0.08098317,-0.26684287,-0.17941675,-0.114138514,-0.16800481,0.2729094,0.03254788,0.12171239,-0.50540435,0.010570632,-0.25566438,-0.15576,-0.21703981,0.21068744,0.03298433,0.16709419,0.15144178,-0.4421255,-0.19474772,0.26183385,-0.07569478,0.14461662,0.5254162,-0.13134465,-0.35321292,0.14935595,-0.26473197,0.016165134,-0.21281855,-0.13449259,0.77879524,-0.21936361,-0.11628225,-0.3318016,-0.46641174,0.3627108,-0.09474537,0.25874528,-0.10147417,0.26520216,0.11032708,0.32348573,-0.85813934,-0.01794883,0.3248009,0.14944318,0.02433924,-0.1739662,-0.0015089,-0.33922032,-0.2590184,0.05786541,-0.019858686,0.25411987,0.5444849,-0.11180008,-0.19891159,0.2401313,-0.49592078,-0.09188013,-0.24064489,-0.41032556,0.04152548,-0.10682117,-0.3993574,-0.17856178,-0.22802347,-0.22451153,0.36040166,-0.012605289,-1.5357938,-0.15676081,-0.23912607,0.19607566,0.075640745,-0.40070313,-0.24745739,-0.2491069,-0.3948284,-0.11858776,0.14082375,-0.46086475,-0.32249057,-0.16222973,-0.3795499,-0.40400833,-0.118668795,0.17850369,0.16533239,0.22431798,0.05969673,-0.31254777,-0.2807647,0.27014217,-0.2677804,-0.23408161,0.2925128,0.15981787,0.3806422,-0.20730525,0.35743874,-0.09050801,-0.30072698,-0.06275616,0.021497488,0.054717433,0.1114647,-0.06423665,-0.24290878,-0.10911316,-0.386633,-0.5101645,0.20668593,-0.12060488,-0.4424933,0.15468793,-0.5258382,-0.3007531,0.35692164,0.17047952,-0.10673758,0.050707914,-0.10209818,-0.1852376,0.3398372,-0.40808335,-0.00076973793,-0.23240303,0.35897362,-0.16352537,0.22908543,0.07377894,-0.28020093,0.09346244,-0.62414235,0.47699246,0.111017056,0.13817134,0.62697077,0.2858306,0.5479843,-0.24275893,0.0054471684,0.0764135,0.26714247,-0.27158773,-0.10632834,-0.13466582,-0.24423054,0.0032464063,0.15444325,0.026217585,0.1466989,0.44258603,-0.30075765,-0.39469734,-0.35065666,0.42264733,-0.20811512,0.056938376,0.4097056,0.112046756,0.05584708,0.007114412,0.23235244,0.04412842,-0.57736444,-0.17562044,0.275278,0.04388399,-0.12738015,0.34995294,0.3929889,0.05444253,-0.3069933,-0.030968385,0.28022364,0.1663763,-0.029493062,0.05873911,-0.059177183,0.48447,0.21927205,0.09961048,0.11282463,0.23390934,0.5231893,-0.5543532,0.43939722,-0.09071163,-0.6179987,0.09898037,-0.89394426,0.40327522,-0.7253465,0.18920948,0.21241398,-0.060856253,0.06007937,-0.30484295,-0.013933668,-0.37212753,0.32281008,0.14963172,-0.021288132,0.3432221,0.04902741,-0.3056803,-0.5261076,0.21171705,-0.2026113,0.12822664,0.026585402,-0.10074052,-0.10890972,-0.664442,0.20365082,0.083855286,0.075896315,0.33650288,0.1476649,0.044228926,-0.11313233,0.24501696,-0.21303143,-0.25989223,-0.07736134,-0.22196041,-1.3507458,0.22310306,-0.044506773,-0.21328457,0.21358912,-0.050417617,0.048352513,-0.0076287095,0.19090778,-0.32300442,-0.4836953,-0.3277894,-0.3578418,-0.02530265,-0.13673279,-0.32850942,0.13612238,-0.7079437,-0.09227835,0.2594453,-0.22780679,-0.2284018,0.052199334,-0.009483504,-0.35072058,-0.024831414,0.07627892,-0.19221318,0.21476448,0.0446932,-0.5028608,0.09173365,0.072746485,-0.057968244,0.09267111,0.117331244,0.14772885,-0.07876891,-0.25366926,0.026873983,0.35256758,0.12867548,0.025262434,-0.18883179,0.09751367,-0.4745775,-0.5088068,0.05673324,-0.0671504,0.11306014,-0.24142633,0.5626271,0.04581004,-0.043348268,-0.16746955,0.120691545,0.3386669,0.11386043,-0.091315374,0.034993798,0.027682032,-0.23903829,-0.12454663,0.0010978102,-0.055894975,0.26702088,-0.24874286,-0.17805988,0.63070273,0.184347,0.1360904,0.38906154,-0.07188573,0.011589679,-0.42606643,0.15750587,-0.015034769,0.36412612,-0.56112665,-0.062608354,0.02479343,0.56346345,0.28812295,0.341156,-0.1143261,-0.3740614,-0.11680439,-0.32325482,0.08172651,-0.23988539,-0.10986948,0.30330974,-0.25006595,0.025450418,0.32820347,-0.35078114,-0.21342398,0.115116596,0.09545334,-0.18637592,-0.03675227,-0.13251066,-0.036276683,-0.19504924,-0.14754185,0.34203056,-0.21163148,-0.4020981,0.1393939,-0.014547758,-0.0077650063,-0.010921364,0.13012487,-0.21996367,0.060723275,0.14831194,0.3314386,0.58451694,0.4711908,0.00624148,0.25864467,-0.15043865,0.264648,0.28968373,0.10169553,0.11739161,0.015391197,-0.1397287,0.7618789,0.26403123,0.24310417,-0.10814548,-0.22891867,-0.05767749,0.26879466,0.14048842,-0.1187953,0.6526696,0.20587759,0.31030697,0.34692618,0.6754988,0.16822094,0.08050853,0.32323563,0.055942927,-0.10050617,0.06866481,-0.38239464,-0.327319,-0.21913329,-0.029436458,0.054590918,0.061235417,-0.35191238,-0.025593296,-0.05110705,0.060082693,-0.33881637,-0.049007207,-0.041759457,0.039225947,-0.14797767,0.41635376,-0.34955913,0.22422339,0.007171422,0.2807941,-0.19467184,-0.08369963,-0.26023018,0.039177522,0.19381198,-0.18155506,0.46330926,0.04406899,0.4779365,-0.28219962,-0.46439475,0.23888008,0.47640046,-0.120304674,0.062703475,0.33185256,0.4257795,-0.08869621,-0.053455744,-0.38313183,-0.16940537,-0.32010022,-0.37029725,-0.034893695,-0.21566018,-0.04173388,-0.38581818,0.0170585,0.14742339,0.1627893,0.01928385,0.13677385,0.23804875,0.3255607,0.2609166,-0.27307156,-0.280707,0.03708807,-0.3058713,0.247744,0.30141494,-0.49967232,0.3657323,-0.059600893,-0.2450383,-0.06539262,0.27986854,0.37837803,-0.46304616,-0.44701165,-0.38653764,-0.011405954,-0.15473849,0.20200258,-0.49316552,-0.28797686,0.17953247,0.16204338,-0.37476513,0.5285351,0.30982983
0.0747426,0.055637315,0.7860971,-0.7443948,-0.0475195,0.29364154,-0.27242938,0.31526798,-0.27123752,-0.18290418,0.18376784,-0.48727998,-0.37413976,0.44908807,0.11793706,0.703439,0.14201206,0.27727348,-0.20499952,-0.2252895,0.89108133,0.29120204,-0.27719823,-0.011479324,0.4822219,0.030337855,-0.24151814,-0.13813597,-0.22556362,0.14125282,-0.16238227,0.5499159,0.39852852,-0.17403737,-0.14685152,-0.42179486,-0.15082382,-0.14628786,0.37473857,0.3613876,-0.019058734,-0.15881021,0.2328419,-0.40196458,-0.34761733,-0.33034763,-0.2565404,-0.35803804,0.4024249,-0.026678665,-0.78425926,-0.08402829,-0.20716299,0.12620941,-0.23546718,0.6590909,0.27626878,-0.8968126,0.038496647,-0.08281993,-0.082733266,-0.06539926,0.071942225,0.03272472,-0.3469015,0.18079656,0.14656834,0.28645164,-0.5452309,0.36761042,0.31436765,0.16588306,0.017277813,0.39776996,-0.35098693,0.12367562,-0.25772187,0.6289661,-0.15021998,0.12851542,-0.30581346,0.31366012,0.32359284,0.08329774,0.5403753,0.09385368,0.08715389,-0.049541846,-0.3271271,0.3755369,0.06867103,-0.15680833,-0.42646077,-0.07261279,0.8440701,-0.6547055,-0.37017292,-0.662421,0.27526668,0.5115729,0.1280025,-0.7031278,-0.059109256,-0.10762762,-0.29165596,-0.4098308,-0.14440869,0.25829175,0.5585221,0.0785931,-0.5328528,0.3983509,-0.21917036,-0.24330845,-0.13948396,0.04660492,-0.24218075,0.25611228,0.41195825,-0.51762044,-0.53919464,0.39672357,0.26000878,0.1918876,0.3021012,-0.07890335,0.18025734,0.3043751,0.05034171,-0.05411789,0.25960988,0.5146357,0.9222099,-0.41919917,0.09002261,-0.31490815,-0.5394,-0.07686863,-0.83195204,-0.80175453,-0.26599795,-0.3246174,0.47503272,0.2701784,0.58605814,-0.0061846306,-0.13800594,-0.15708277,0.2694439,0.43727002,-0.36991695,0.6161574,-0.8620429,0.10542642,-0.6107119,-0.36285686,-0.42858794,0.65365744,-0.28641862,0.5409541,0.3959962,-0.18559334,-0.044631187,-0.19965851,0.625871,-0.39122966,0.5310013,0.56092,-0.2995285,-0.23918791,-0.12600936,-0.6395693,-0.24578996,0.62789243,0.2611475,0.33427304,-0.001565093,-0.60919845,0.5408628,0.35522598,-0.6061544,0.075173676,-0.03529927,-0.4303014,0.07655093,0.1273429,0.4911901,-0.44159427,0.5152509,0.015263026,-0.4225229,0.020197406,0.24993367,-0.49126002,0.6688246,-0.23393986,-0.6181414,-0.7886429,-0.029275008,0.19138403,0.15886553,0.42144656,0.3101394,-0.5026678,-0.3184013,0.5259337,-0.38776982,-0.0009794262,-1.0974518,0.26628008,-0.18595628,0.7987786,-0.16211464,-0.25720942,0.36977986,-0.18580109,0.039133247,-0.23323548,0.17916386,0.2914138,0.064369455,-0.101573594,-0.07947236,0.52155155,-0.20251411,1.3223494,0.6328399,-0.087519646,0.74666756,-0.23314539,-0.0013104356,-0.2838988,0.34779063,0.040537663,-0.22402519,0.47295544,0.17254552,-0.13473272,0.19935602,0.16506347,-0.223624,0.5864542,0.41532084,-0.39418,-0.6544811,0.026937738,-0.30896994,-0.8820335,-0.19022061,-0.28940403,-0.55553544,-0.17781137,0.033594124,-0.46442613,-0.29985726,-0.044078965,0.46263343,-0.2346171,-0.22250845,-0.042576414,0.104934596,-0.23287101,0.034097,-0.23312111,-0.21695986,-0.17819937,-0.33635408,0.40877467,0.9974726,0.21716183,-0.40138105,-0.6420531,0.08338996,0.52249986,-0.37736514,-0.6342413,-0.09945651,0.34210515,-0.43796957,-0.3548872,0.050139092,0.43025532,-0.12474143,-0.14023843,0.06173811,-0.29911664,0.04393601,-0.064704165,0.03058035,-0.4605014,-0.5344901,-0.012866709,-0.39894196,-0.5455746,0.7838955,0.32023185,0.3398467,-0.25593787,-0.24906962,-0.495778,-0.28582573,-0.47249165,-0.17439488,0.3867589,-0.73909426,0.14514227,-0.40839958,0.26282814,-9.82111,-0.40949264,-0.5194462,-0.1885445,-0.25085282,-0.09511743,0.14079382,0.25724486,0.27496028,-0.22746445,-0.36762536,-0.43016288,-0.6474645,0.08659289,-0.16543001,0.17136854,0.51579934,0.4454388,0.010791434,0.7561529,-0.30584446,-0.32568648,0.44376096,-0.15512623,0.13686502,0.17048278,-0.10420662,-0.09128733,-0.25677922,-0.20042686,-0.34584206,-0.39703283,-0.18856221,0.37413123,-0.48160708,0.4530853,-0.0101146605,-0.42401153,-0.15712787,-0.008362707,-0.16855042,-0.16685614,0.14314137,0.059226073,0.9110577,-0.47583756,-0.034314297,0.34177825,0.18609782,-0.048651353,-0.5726626,0.032039437,0.12607569,-0.9119766,0.18026169,-0.32676256,0.5440238,0.68841493,-0.34525594,-0.47259912,0.58126193,-0.576435,-0.07516518,0.09863546,-0.23673117,-0.18958528,-0.9015246,-0.30418107,-0.3379991,0.08674406,-0.39302972,0.25129637,-0.08457617,-1.2997705,-0.45717186,-0.008203444,0.44682062,0.5648627,-0.023468588,-0.24803454,-0.88221467,-0.6691875,-0.08682209,0.2013661,-0.5474865,0.15682487,-0.37243158,-0.4189668,-0.39405864,0.14354068,0.07998062,0.30890283,0.34682834,0.5650184,0.2848548,-0.16784142,0.7231834,-0.68454814,0.0682363,0.20587201,0.39328456,0.32728368,-0.070956364,0.16611408,-0.21678591,0.030877922,-0.38199967,0.26311672,0.0077261664,-0.06945662,-0.12380463,-0.27715296,-0.08011636,-0.32496154,-0.110292956,0.31876513,0.14590444,0.27252024,0.38771006,-0.22966664,-0.7069686,0.4698191,-0.7445004,-0.78979814,-0.7676484,0.18843631,-0.28958845,0.32806817,-0.3428922,-0.29605213,-0.50719386,0.26554868,-0.19257626,0.08697713,-0.026406078,-0.20932306,0.18771987,0.2760783,0.12680224,-0.031988643,0.7190802,0.37496087,0.23627119,-0.13848546,-0.23722294,0.389243,0.54575604,-0.06837168,0.030600678,0.14485672,-0.28975567,-0.77404296,0.4208674,-0.13223068,0.1556802,0.15147673,-0.0012157846,-0.5046368,-0.06916468,-0.2614396,0.41134536,0.17303663,-0.01825028,0.02285889,0.019522386,-0.17337209,-0.1067697,0.23865801,0.17495018,-0.23526213,-0.38645312,0.3874245,0.54312736,-0.031682923,0.12333762,0.0013247471,0.22739308,-0.18224081,0.0698589,0.4652841,0.18592982,0.05967696,-0.08549242,0.123138465,0.6091267,0.041981358,0.10641479,0.04701148,0.1841733,0.22293682,-0.65778816,0.20731123,-0.63441205,-0.8780006,0.0718037,-0.51575285,0.7164351,0.4020639,0.086153604,0.031374443,-0.14314981,0.4263528,-0.36702657,-0.29089755,-0.32250538,0.12205947,-0.37069282,0.46984386,0.35016057,0.27692893,0.02101675,-0.20523931,-0.24402875,-0.5961332,0.019681094,0.27632868,-0.040477443,-0.43113345,-0.7560886,-0.28222445,-0.039562304,-0.33448398,0.6375661,0.17490105,-0.040361185,0.16804077,-0.11530698,-0.270181,0.0073419358,0.10495745,-0.11964102,-1.374993,-0.08737512,0.198484,-0.087042615,-0.9645043,-0.5890588,0.26182684,-0.44741166,0.05548271,-0.54696417,-0.6144114,-0.33495873,-0.5247587,0.30707452,0.22363077,-0.2013929,0.15128706,-0.1932801,-0.42296037,0.38605896,-0.14074889,-0.30417302,-0.2869097,0.53965306,-0.086660735,-0.12855318,-0.7728337,-0.2691495,0.09084112,-0.37951574,-0.022884915,0.4106767,0.19573152,0.23029663,0.3919663,0.25223625,0.5667926,0.3770293,-0.051143937,-0.40912828,0.15517822,0.15705821,0.35053816,0.07148376,-0.38215885,-0.6102639,0.06554833,0.358639,-0.7519416,-0.24865681,-0.21105339,0.36779618,-0.16563205,0.2584184,0.5404823,0.04326104,0.0913999,-0.0021207882,0.23331283,-0.34602612,0.25673258,-0.25924638,-0.3729316,0.16272089,0.44095325,0.6153842,-0.2361517,0.13351817,-0.009675823,-0.15290987,-0.015049216,0.3084559,0.21640232,-0.12275587,0.24608175,0.25834596,-0.06168587,-0.20157366,0.024762673,-0.17585026,-0.3172599,0.32776773,0.5183166,0.059631012,-0.49606583,0.16133446,-0.03948601,-0.16520959,0.3306236,-0.6281229,0.43116885,0.64317214,-0.19206789,-0.680281,0.22816823,-0.16172642,-0.17406254,-0.26226613,0.5383187,-0.3975891,-0.016389973,-0.3843066,0.5768973,0.16271062,-0.145874,0.064235784,0.04012428,0.061243705,0.1228829,0.22642106,0.45387635,-0.47800958,0.38767108,-0.16904415,-0.042376116,-0.047558755,-0.18017182,-0.021744424,0.65968156,0.10170624,0.01522241,-0.008441018,0.14026421,-0.30905712,0.4077204,0.3347327,0.17608623,0.34152463,0.908459,0.4504043,0.17252141,0.02787333,-0.66945493,-0.27541772,0.40266785,0.39150196,0.1942317,-0.12235181,-0.2938924,-0.023163123,0.37939376,0.31942186,0.2524219,-0.11634744,0.46795693,-0.36234578,0.33977363,-0.6283405,-0.095581315,0.052890092,0.080872126,0.23182556,-0.49393216,0.0466045,-0.53974676,0.22124012,0.23766617,0.05433116,0.14099242,-0.26075074,-0.16021076,-0.2253331,-0.24741854,0.72232896,0.17353135,-0.6789426,0.300827,0.9594359,-0.12462721,0.26892298,-0.70306087,0.32584846,-0.26385733,-0.25018337,0.09165549,-0.24741389,0.16259213,-0.4754861,-0.26983702,0.20195253,0.25585648,-0.04084161,-0.02263477,-0.036067676,-0.15215269,-0.02725739,-0.22303513,-0.1420494,-0.1959427,-0.4298119,-0.48561803,-0.03357772,0.46085766,0.13310598,-0.59487665,0.15011552,-0.094721355,0.23027387,-0.2374301,0.1692174,0.953318,0.48485404,-0.15472691,-0.34843323,-0.3619225,0.10535064,-0.24609669,0.0124677,0.054210853,-0.4224645,0.25331557,0.055343784,0.23117448,0.13267164,0.73053384,0.3133354,-0.117890924,-0.7981545,-0.5213625,-0.070346214,0.30021685,-0.26160803,-0.19444494,-0.05289326,0.34353602,-0.22624172,-0.4565859,0.1461818,0.75829536
0.81034577,0.113363855,0.7955215,0.08213882,0.47099462,-0.12369435,0.2655416,0.7713323,-0.43778673,-0.4720444,-0.3312575,-0.02081978,0.005968433,0.46980086,0.014101299,0.670122,-0.27955088,0.71209157,-0.0105702765,0.020266589,0.38009408,0.042685978,-0.15457857,-0.042826522,0.38921106,0.0486973,-0.111439094,-0.24646242,-0.6948842,-0.14712398,0.16980737,0.56993705,0.52069473,-0.01765879,-0.54790884,-0.524166,-0.40676308,-0.35043684,0.08057172,0.42272013,-0.3475534,-0.46777976,0.41437155,0.00017696123,-0.1303299,0.3560059,-0.31819445,-0.20679265,0.17364135,-0.11994799,-0.55064183,0.32692733,0.49368095,-0.3590184,0.20053001,0.36682028,0.31201923,-0.42692843,-0.1313669,-0.05122499,-0.25810635,-0.1509498,0.31947225,0.048238523,-0.26843467,-0.41755623,0.22389707,0.5869903,-0.94368297,-0.24182111,0.21536008,-0.22052538,-0.007493744,0.29525486,-0.15829563,0.36309296,-0.3537025,0.680433,0.32728434,0.18166874,-0.04795327,0.39964193,0.49115473,0.32628027,0.32607704,0.054061633,0.05446151,-0.29050258,-0.47818676,0.6282319,-0.23721868,0.31876794,0.10449048,-0.0049486184,0.488553,-0.64801514,-0.3996206,-0.45597568,-0.33180735,0.07450748,0.45902407,-0.8092275,0.00841283,-0.30412677,-0.4427133,0.22741982,-0.5755951,-0.15580647,0.2790343,0.22554432,-0.012293041,-0.023918744,0.08691266,-0.778897,0.044177916,0.46625084,-0.27226207,0.5519572,0.019146506,-0.35326266,-0.11070792,0.4816682,0.24164014,0.26649868,0.65836114,0.34775034,0.055382706,-0.15016848,-0.10881686,0.2689221,0.5412367,0.41883355,0.11898182,-0.41161928,0.046822924,-0.10272681,-0.03887933,0.27954698,0.25197506,-0.19449568,-0.02831469,0.12190734,0.014813797,0.24951905,0.42611948,-0.1388654,0.06531931,-0.28682172,-0.23305061,0.55663973,-0.089835554,-0.13475153,-0.64475757,-0.23012713,-0.04920472,-0.45305017,-0.14015992,-0.13671629,0.41174906,0.38057473,0.17404506,-0.15439196,-0.014622675,0.110071816,-0.06806087,-0.17394459,0.21271546,0.33600387,-0.14609578,-0.32932022,-0.0066160318,-0.65100175,0.018272487,0.37159285,0.65482837,0.8912933,0.27866247,-0.61100036,-0.07862127,0.8800104,-0.6373431,-0.07949635,0.45104626,-0.25052872,0.0987359,0.28330728,0.44330794,-0.2892184,0.7682337,0.4925036,-0.97262,-0.0776594,0.40305895,-0.5248007,0.42957616,-0.63354063,-0.23134743,-0.18218814,0.43020663,-0.049258906,0.2737294,0.521848,0.04537452,-0.5882376,-0.7027513,0.48505938,-0.15763658,-0.31575713,-0.56865335,0.015424655,-0.45262188,0.33333957,0.34982225,0.2425907,-0.29054907,-0.015977563,0.21444896,-0.42759272,-0.04370214,0.4429082,-0.09814171,-0.32422256,0.044143043,-0.36137605,-0.56928575,1.0420896,0.16758811,-0.32757467,0.5786723,-0.14694129,-0.18592855,0.19060664,-0.17336346,-0.07756998,0.6099451,0.12392371,-0.2998501,-0.64872044,0.115412906,0.26116174,-0.3278051,0.43474016,0.41280714,0.079069056,-0.30444574,0.5294279,0.018807406,-0.011773688,0.052869678,-0.2143579,0.049098928,0.043176416,-0.17366897,-0.40648937,-0.23457284,-0.6081893,0.14516325,0.34324023,-0.46683955,0.46439847,0.37059537,0.055130612,-0.06878978,-0.09346709,0.1940552,-0.26867,-0.13895892,0.20286699,0.356539,0.2489659,-0.1645182,0.051544767,-0.08277934,0.89958453,0.13895811,-0.8169652,0.2546774,-0.01640313,0.41375527,-0.2928161,-0.019022252,0.5182535,-0.1504796,-0.22804828,-0.018914735,-0.5413105,0.6958753,0.099401645,-0.39768976,0.40781942,-0.100630865,0.050693784,0.06875256,-0.36958808,0.9509291,0.33240983,0.07877217,0.20886786,-0.5696235,-0.109502755,0.14959827,-0.084780894,0.3487652,-0.035392553,0.14042932,0.10083476,-0.48326603,-0.74009144,-7.8462577,-0.2756615,-0.39341518,-0.2980681,-0.2106316,-0.32999027,0.100624844,0.3030593,-0.33177266,-0.22408006,-0.12920785,-0.3171388,-0.074159965,-0.56509984,-0.6522108,0.32523018,0.5814292,0.5660853,-0.19902022,0.6203274,-0.35150814,-0.22358415,0.4126988,0.33950344,0.72794574,0.15281595,-0.059209663,-0.11928195,0.02492346,0.07298341,-0.058436967,0.07540792,-0.13290969,1.3693104,-0.27435553,-0.18193634,0.28249362,-0.46142316,-0.48927402,-0.36200407,0.18376702,-0.25632253,-0.43821645,-0.14391363,0.8641732,-0.9839694,-0.15520872,0.47258377,0.2432157,0.35808492,-0.34082323,-0.07245139,0.3817476,-0.82730603,0.0015478876,0.05461059,-0.1273289,1.083611,0.025355855,-0.28050047,0.7708936,-0.054892283,-0.23169284,0.06892054,-0.11339795,-0.6115604,-0.7806737,-0.6387148,-0.6743331,-0.036775667,-0.4273623,0.41161773,-0.23515372,-1.1518147,-0.22919758,-0.18812408,0.28145385,0.25368485,-0.47329983,-0.2728645,-1.2595646,-0.0043150005,0.326976,-0.1327763,-0.36032227,-0.20195897,-0.49964973,-0.3308461,-0.4603861,0.8857442,-0.08689581,0.046052426,0.23850545,0.13463128,-0.12346084,-0.32889795,0.32915217,-0.40357286,-0.18227927,0.33511847,0.42790335,0.31931084,0.48729196,-0.33281252,-0.565036,0.11514924,-0.5099252,0.15949146,-0.25490457,-0.2745336,-0.44513434,0.12561047,-0.6251452,-0.05340243,-0.58711195,0.051985655,0.06515807,0.22786549,0.0217524,-0.35866427,-0.51981306,0.36611295,-0.6674895,-0.6431211,0.45098564,-0.00093166763,0.2501007,0.18739876,-0.29274172,-0.60018265,-0.16062768,-0.4717944,-0.276968,-0.16887316,-0.15313236,-0.18016696,0.10987295,-0.29732212,-0.20701529,0.51603454,0.6350482,0.43753,-0.30107084,-0.016765034,0.48326945,0.066510566,0.12113652,0.45773157,-0.21385315,0.5153727,-0.47483593,-0.70027983,0.25666827,-0.18678886,0.15993153,-0.2336283,0.53196126,-0.28048348,-0.5539645,-0.6035795,0.09952259,-0.2367054,-0.19976625,0.28086942,0.3814717,-0.016061522,0.09026073,0.14041813,-0.10101368,-0.52852714,-0.18912941,0.7691045,0.314759,0.3710459,0.06044586,0.26659888,0.39474574,-0.6116387,0.22197104,0.3139314,0.3143885,0.24681064,-0.20463076,-0.36982298,0.5102698,-0.39019707,0.21040098,0.40729722,0.3364124,0.42781785,-0.46428376,0.5153642,-0.10006411,-0.9561431,0.23683153,-0.7973136,0.4522192,-0.22892615,-0.0729503,0.44856316,-0.35833925,0.11223394,-0.9203758,0.428689,-0.4354689,0.66660374,0.21275146,0.35644594,0.6802374,0.36794284,0.25396404,-0.61401445,-0.49648058,-0.41528907,0.1637276,-0.12796775,-0.23452313,-0.5583558,-0.59731346,0.085973755,-0.2608232,-0.06882012,0.26841465,0.029880177,-0.08151945,0.459728,-0.003181133,-0.009482332,0.04243993,-0.020400533,-0.04109071,-1.0016525,0.35491168,-0.047806222,0.060390063,-0.22682919,-0.6227269,0.051904935,0.03590745,-0.13053434,-0.48994854,-0.8197354,-0.3820227,-0.85420835,-0.1749045,0.38427493,-0.61743194,-0.077427685,0.0046649985,0.005735468,0.65169376,-0.088832684,-0.19913024,-0.5326484,-0.29718414,-0.8650234,-0.29118744,-0.071130484,-0.29597798,0.18447797,-0.69167966,0.52484167,0.069539346,0.1250926,0.4329423,0.50293803,0.046731733,0.12885083,0.02560949,-0.357807,-0.1931688,-0.09168076,-0.064541906,0.38752583,-0.23168723,-0.43573385,-0.7824929,-0.3178618,-0.15955915,-0.097681805,-0.69310236,-0.0691321,-0.030829247,0.15255412,0.37784427,-0.2775865,-0.26443994,0.105058685,-0.45346838,0.48147264,0.0028081792,0.74417424,-0.19240311,-0.15359432,-0.19167587,0.4773623,0.6473641,-0.08949463,-0.21455708,0.4018427,-0.2593216,-0.28591156,0.95684916,0.31884456,0.19476397,0.31155682,-0.01614643,-0.17161615,-0.019475583,-0.46487308,-0.6075593,-0.47722566,0.3571159,0.59913325,-0.38668728,-0.3261908,-0.43778628,0.038043186,-0.46171215,0.0142886555,-0.4733415,0.23724192,0.5311442,-0.023949936,-0.45382464,0.22562364,0.10757451,-0.390756,0.29067636,0.1394639,-0.7041375,0.44947764,-0.019664023,0.09876728,0.15928356,-0.4037537,-0.043628614,-0.18203458,-0.5220147,0.29358056,0.30269417,0.095296845,-0.4252767,0.2712009,-0.39029774,0.050414942,-0.100885585,0.024313768,0.45530295,0.2854709,0.14095196,-0.053349182,0.31584543,0.053894356,0.13736953,-0.37660193,0.14670452,-0.1522815,0.52056986,0.4981217,0.19728859,0.6024764,-0.25369176,-0.1443182,0.038155537,0.1313779,0.36460975,0.09399073,-0.040562898,0.45571163,0.3851169,0.0064554526,0.41549146,-0.06744042,-0.2156617,0.2195814,0.04936807,0.14418714,-0.16529246,-0.15254149,-0.5768618,0.1947878,-0.6163075,0.084133446,0.2652694,-0.26123813,0.024794374,-0.049427107,-0.21773404,-0.5139946,-0.08011644,-0.043792617,-0.088748224,0.1084684,-0.05009567,-0.18824303,0.08039948,0.38993403,0.37214592,0.084683314,0.0881138,-0.61730796,-0.11583638,0.06613921,0.27625033,0.037144516,-0.080578275,-0.10809175,-0.6525623,-0.07809692,0.14992148,0.16953447,-0.05495022,0.40532157,-0.26229987,0.047090027,0.51920116,-0.7534271,-0.6166511,-0.29477933,-0.16332118,-0.020127852,-0.3681828,-0.057648,0.2686219,-0.07386648,-0.5328972,0.17514141,-0.21675536,-0.11034475,-0.22561157,0.37480545,0.5371775,-0.17809713,-0.7188792,-0.40945148,0.18718661,-0.019384617,0.05964173,0.40127397,0.110316165,0.41610372,-0.09844705,-0.14469483,-0.4558289,0.39565858,0.47051567,0.09622198,-0.83273697,-0.48192456,-0.18686186,-0.18874566,-0.63533264,-0.2851004,0.19547169,0.0062459083,-0.32592884,-0.64447594,-0.14081377,-0.28362814
0.11451847,0.0054868995,0.49802074,-0.071590945,0.57061976,-0.27065536,-0.093267106,0.8033609,-0.26198676,-0.28167155,0.26932126,-0.21718645,-0.0122468,0.4608034,-0.338578,0.55906934,-0.40127808,0.3450034,-0.024440603,0.23085684,0.40087894,0.1022596,0.045932326,0.03457077,0.19580036,0.13823432,-0.18672493,-0.44439766,-0.22151284,-0.12260809,0.026958315,0.16001396,0.41004577,0.25451508,-0.25172198,-0.3315012,-0.19581115,-0.09244845,-0.1240227,0.5214014,-0.6460297,-0.19398989,0.28312168,0.19950724,-0.24526492,0.0060831727,0.059095133,-0.5210823,0.39419287,-0.14583822,-0.3960389,0.13491456,-0.08576272,-0.49525777,0.28354996,0.5269936,0.009035268,-0.45008332,-0.3683962,-0.01761264,-0.2515722,-0.13478999,-0.013092165,-0.30409727,0.018887313,-0.0760612,0.18167245,0.3153835,-0.47031698,0.15466134,0.21237727,-0.033081386,-0.27498254,0.20773676,0.052569326,0.0104917195,0.060709964,0.7309568,-0.018168408,-0.35452557,-0.31884146,0.4067484,-0.062188964,0.102976866,0.42708644,0.14069843,-0.07515945,0.070385605,-0.3406366,0.4732005,0.067468815,-0.07001661,0.045513645,-0.08345298,0.36803138,-0.98251915,-0.4591296,-0.11020786,-0.3641385,0.21251005,0.8935501,-0.3407052,0.16252442,-0.4165983,-0.047187395,0.3962921,-0.18057457,-0.05928093,0.52140737,0.028236352,0.2843562,0.33823547,-0.33071458,-0.42988372,-0.03996554,0.10320282,-0.13828203,0.38635218,0.25532377,-0.27899253,-0.52757245,0.19232963,0.003261945,0.1553135,-0.005045163,0.13099155,-0.23108937,-0.46173823,0.17052764,-0.006652143,0.37391818,0.31428763,0.16090487,-0.27957788,0.06150173,0.32771343,0.18763283,-0.030635605,-0.2744202,-0.107916735,-0.08396128,0.12976709,0.5815689,0.24688773,0.2921055,-0.08350226,-0.60488254,-0.07132724,-0.17575549,0.4756794,-0.29481515,-0.17550038,-0.7062236,0.27407303,-0.085835464,-0.4805029,-0.38111696,-0.15205777,0.5134277,0.30316722,-0.1439607,-0.2091502,0.13250847,0.21690609,0.19415878,-0.61460185,0.5452258,-0.14167789,0.25497928,-0.19218259,-0.026713839,-0.31524622,0.51230896,0.38591585,0.4157832,0.40941083,-0.014583563,-0.17253494,-0.1187079,0.6151487,-0.35569,-0.065758966,0.17108831,-0.18909888,0.18599264,0.32805243,0.47275543,0.05108517,0.34023765,0.36609423,-0.749776,0.12985784,0.5426352,-0.048690274,0.27780637,-0.6003892,-0.06669109,-0.26144043,0.08227255,-0.1653072,0.12641148,0.04451529,-0.0036984163,0.14394057,-0.554565,0.4096098,-0.1410989,-0.48957282,-0.4825298,0.021426668,-0.2942602,0.6942874,-0.24856699,0.15182702,-0.12167432,-0.118582755,0.12048935,0.11824595,0.24777733,0.6946489,-0.31658795,-0.037836734,-0.3029927,0.11837962,-0.38173786,0.8826425,0.05736053,-0.479446,0.26878816,0.09904929,-0.11639717,-0.297153,0.034546424,-0.26241526,0.4258976,0.310415,-0.08754515,-0.6398143,0.2650511,0.29519182,-0.14082414,0.13707136,0.61261433,0.17139791,-0.23474483,0.5650115,-0.4290311,-0.085755035,0.22536875,0.038901024,-0.7692221,-0.2042312,-0.13974117,-0.5152606,-0.22616209,-0.3744364,-0.17173763,-0.22314285,-0.45799732,0.076974556,0.412533,0.043398783,-0.060874496,-0.03190143,0.18454859,0.020237913,0.11736598,0.20334716,0.36489597,0.4395102,-0.036078766,0.08134869,0.20746143,0.7039663,0.22794038,-0.36210406,0.15178421,0.16588527,0.07999086,-0.086445,0.10296601,0.57755005,-0.30836135,0.03507579,-0.2149,-0.2992127,0.4809223,0.3866117,-0.302682,-0.008985818,-0.39369014,-0.34853402,-0.20128644,-0.15830843,0.8782177,0.16143408,-0.1264656,-0.08295133,-0.4973906,-0.269072,-0.086829074,0.21849401,0.065920606,0.22108646,-0.0688229,-0.3996479,-0.1912393,-0.4631003,-8.745501,-0.1255061,-0.12003776,-0.36150002,-0.0061306204,-0.13730584,0.16064566,0.043592576,0.007861189,-0.19278803,-0.28523523,-0.011207515,0.13412975,-0.37664536,-0.17332177,-0.18958431,0.3219051,-0.014738571,-0.38608283,0.35629618,-0.21173312,0.024439361,0.46785554,0.07609963,0.6055212,0.26409325,0.08895276,0.03400631,0.16222899,-0.1075694,-0.08772352,0.20685092,-0.09444366,0.62225306,-0.09427029,-0.052876454,-0.21350464,-0.5997488,0.279544,0.13501194,0.18730886,-0.2592956,-0.18523821,-0.07927486,0.7535106,-0.52576995,-0.19464308,0.06953188,0.15624613,0.019252695,-0.17527361,0.13095891,-0.03816642,-0.7069533,0.057391256,0.18989931,0.33953914,1.0959537,-0.1747983,-0.32270756,0.5203276,-0.22231495,-0.494707,0.23527008,-0.23507825,-0.21100582,-0.26489574,-0.42712536,-0.2862592,0.06220449,-0.61448896,0.5828235,-0.24562377,-1.4474086,-0.3884809,0.122560844,-0.06937309,0.17872278,0.023445664,-0.2746654,-0.9922824,-0.10367853,0.22342306,-0.23196642,-0.10699894,-0.27364153,-0.14432183,-0.6425269,-0.6213277,0.24883252,-0.12070105,-0.07057983,0.37160426,-0.116431475,0.17788167,-0.24568821,0.12382166,-0.4024348,-0.16119298,0.39125684,0.24111584,-0.041869015,0.44802764,-0.20124029,0.0922863,0.010246376,-0.25078747,0.5601665,0.01933368,-0.30335742,-0.045693323,0.029954161,-0.21235868,-0.049462266,-0.38573903,-0.19874206,0.120509475,0.005110379,-0.06695897,-0.595764,-0.12615451,0.27735302,-0.40274298,-0.45819083,-0.1709571,-0.21416174,-0.060737673,-0.23116606,-0.011895486,-0.1970644,0.13049302,-0.271793,-0.4725358,-0.23270145,-0.36365616,-0.3464983,0.06797266,-0.48504043,-0.2679229,0.2240205,0.36250824,0.21206686,0.37234697,0.16077541,-0.4665562,0.05342073,-0.099353954,0.18779491,-0.15474018,0.62943125,-0.44306317,-0.5149241,0.09138645,-0.041016027,0.10465752,0.14661339,0.45666385,-0.67499214,-0.32514656,-0.5127902,-0.11648075,-0.18316816,-0.23172104,-0.036299452,0.33496338,-0.12603138,0.11292635,-0.07782963,-0.077540085,-0.66251516,-0.20253584,0.50606877,0.3425,0.26787332,0.15990056,0.29772836,0.11740277,-0.31950805,-0.1896022,0.16863544,-0.017283665,0.08446193,-0.2109961,-0.37733838,0.0135403015,0.008939037,-0.04514393,0.14977698,-0.065430716,0.23216935,-0.43438315,0.6033976,-0.22361869,-0.5261679,-0.022670558,-0.20381632,0.4786205,-0.16136724,0.040947486,0.58437586,-0.23394163,-0.18517594,-0.38782308,0.037919525,-0.25545287,0.16386738,-0.34858477,-0.00043621717,0.062064867,0.26961842,0.15229933,-0.29053777,-0.43494442,-0.32771742,0.26818728,-0.21571784,-0.06613533,-0.38279983,-0.87314224,0.29421338,-0.08696285,-0.03658184,0.35847762,0.10802828,-0.0872801,0.23331524,0.196043,-0.12336011,-0.08682041,0.23817103,-0.184103,-1.5666336,0.24693829,0.29684213,-0.102526836,0.037584856,-0.09996763,0.018662607,-0.06738663,0.10970092,-0.12595662,-0.5428068,-0.02318075,-0.5091293,-0.23223513,0.27605593,-0.39341366,0.33585265,-0.41084927,-0.26587498,0.65039533,0.026509276,-0.32461202,-0.53318095,0.031002352,-0.7333281,-0.46590093,-0.0017637883,-0.2149242,-0.061533332,-0.18337248,0.033225533,0.0028800888,0.07938973,-0.06026142,-0.26237145,0.30495933,0.16404276,-0.15529892,-0.56302947,-0.2688641,-0.018638825,0.07002377,0.027276276,-0.13327597,0.15541454,-0.47805795,-0.02786254,-0.10073283,-0.18589114,-0.03819318,-0.04453518,0.21084198,-0.4927858,0.29223302,-0.03222636,-0.20360132,-0.03237786,-0.1465352,0.3843054,0.08903789,0.076769166,-0.5170812,-0.13935846,0.4974126,0.8363746,0.47611138,-0.115208976,0.185603,0.22612748,0.03915656,-0.30361623,0.90565443,0.021434478,0.20590578,0.0818633,-0.07000271,-0.17956476,-0.13044997,-0.2764006,-0.6717827,0.10054612,0.50733,0.33291912,-0.1730383,-0.20482075,-0.3387771,-0.44780257,-0.3387207,0.17334284,-0.2865788,0.13285536,0.59443647,-0.19087549,-0.043751977,0.2973449,0.2145855,-0.20536593,0.38009346,-0.10187593,-0.5717073,0.36073005,-0.13431323,0.13787809,-0.15797868,-0.053360134,-0.10087655,-0.38815555,0.11206235,0.5683506,0.38394898,0.15716459,0.033084523,0.30927208,-0.07688397,0.09260974,-0.17572469,-0.0087842345,0.41139358,0.42883557,0.16181156,0.057806507,-0.1934939,0.17818937,0.3619813,-0.2933986,-0.063030474,0.40400195,0.18002966,0.55602986,0.32589376,0.4822765,-0.083326034,-0.42393643,0.044121303,0.27822468,0.4340125,0.005815281,0.04477445,-0.20719346,-0.10224697,0.15894134,0.5005043,-0.33884326,-0.33065686,0.12123456,0.09499428,-0.10445756,-0.06753468,-0.21261919,-0.34459755,0.17934406,-0.5639096,-0.105730526,0.17640565,-0.2747758,0.08834629,-0.31386778,-0.098767005,-0.46173686,-0.0905677,0.06866804,0.18456352,0.09743248,0.046818886,0.03792645,0.11969549,0.24472836,0.1531709,-0.029968565,-0.070505865,-0.5223093,-0.10754456,0.03774181,0.077193044,-0.18523292,-0.14582235,0.091290504,-0.5455756,-0.1646089,-0.12842472,0.30721885,-0.029354502,0.25526702,-0.11253557,0.10469693,0.24132115,-0.36267722,-0.11334174,-0.3700165,-0.39728466,-0.08334694,-0.051950723,-0.3443699,0.36885303,-0.3157755,-0.13396515,0.1022395,-0.2913051,-0.0010059363,-0.312293,0.51651365,0.22332308,0.1778474,-0.31585932,0.012093619,0.085136026,0.096030906,0.29415134,0.4321038,0.23385422,0.33179137,0.0370551,-0.11089358,0.20214911,0.17366612,0.10227466,-0.2231333,-0.39846048,-0.32506344,-0.3650009,-0.2689344,-0.39791653,-0.22666264,0.1440574,0.04531374,-0.2426845,-0.6271168,-0.09932923,0.044089742
0.77741086,-0.3220192,0.14639963,0.031737637,-0.2312721,-0.20435648,0.17172278,0.66750467,0.1413748,-0.057345778,0.44305953,-0.28948158,0.04092661,0.08274649,0.08707964,-0.041038517,-0.052059878,0.071598314,-0.11526722,0.28427333,-0.07613402,0.5944318,0.005950328,0.12533092,0.44287372,-0.010281393,-0.13825828,-0.112404466,-0.4684074,0.09005405,0.28815937,0.13888031,0.1383479,0.19676599,0.10822101,-0.3025502,-0.19794242,-0.3578174,-0.26444936,-0.10198734,-0.39557225,-0.098568566,-0.011732098,0.05790797,-0.14270625,0.35777265,-0.0057279454,-0.14582913,0.09291767,-0.28811932,-0.08118962,0.2151211,-0.11787786,-0.13645801,0.30448267,0.6900238,0.32232147,-0.3979866,-0.3587594,0.41157708,-0.054219734,-0.26383436,0.23125045,-0.23482203,-0.041471448,-0.23985597,0.34950513,-0.14534262,-0.45566735,-0.25591546,0.083334774,0.054327827,0.0008786541,0.039806254,-0.17440403,0.03513371,-0.25448632,0.25247315,-0.18076466,-0.28774917,-0.14726098,0.7370219,-0.25443235,-0.015730891,-0.04287816,0.12325861,-0.002377563,-0.27909526,-0.39984164,0.33668292,-0.35643005,0.253725,0.18391278,0.21633807,0.49324638,-0.16065401,-0.11062683,0.15221861,-0.14943436,0.15783964,0.32775873,-0.64393175,-0.40347323,-0.4547822,0.0048846356,0.021458996,-0.1286104,0.12123462,-0.12962279,-0.4332013,-0.33307305,-0.007077602,-0.2868927,-0.3536727,-0.051000465,0.05609256,-0.07998564,-0.33698386,0.36548087,-0.095895134,-0.32731798,0.059831075,-0.11874948,0.09418802,0.050644465,-0.2118047,0.27184433,-0.12327001,-0.0902891,-0.43975496,0.34893584,0.22001061,0.36854392,-0.57356733,0.2005074,-0.45418638,0.057568163,0.029345224,-0.0039953073,-0.64402354,0.5595123,0.3370399,-0.037264206,0.12893035,0.34405932,-0.28447902,0.32782453,-0.22263965,-0.27359778,0.3187038,-0.23361473,0.09796975,-0.3721941,-0.36544406,-0.24937098,-0.18569091,-0.43166238,0.04321707,0.19797857,0.010986256,0.06348844,-0.24259496,-0.25417322,-0.24366431,-0.061979502,0.16365394,0.14916675,0.14450848,-0.5100453,0.45495343,-0.06297616,0.14610955,0.15814526,-0.2948473,0.50229317,0.19862495,0.19819823,0.14122404,-0.18481044,0.3948362,-0.69371253,0.05208171,0.29457453,-0.043343198,-0.38392794,0.19281344,0.14921299,-0.09305794,0.2833189,0.017168721,-0.07062038,0.04340448,0.18877783,-0.4050591,0.38539356,-0.45011717,-0.031364657,-0.120969616,-0.14722514,0.29555497,-0.18030792,-0.051071145,0.04280387,-0.3691285,0.035422955,0.552544,-0.26592326,0.0008853525,-0.15138774,0.16983375,-0.21893454,0.6434576,-0.0604537,-0.2074959,-0.4822774,-0.031669807,0.35574073,-0.16790286,-0.4963936,-0.29431,0.08592722,0.2731114,-0.6081868,0.27285323,-0.16815941,0.6411684,0.46811157,-0.2971012,0.22483437,-0.06048881,0.036824573,-0.06604712,-0.24316697,-0.13679387,0.36337733,-0.01824912,-0.17785743,-0.48637342,0.092984,0.11905122,-0.3005861,-0.03032792,0.13439828,-0.051573165,-0.048182826,0.5241973,-0.19831547,-0.22940338,-0.24724123,-0.1422117,-0.053574074,-0.43132728,-0.081570305,-0.3314915,-0.042882673,-0.027620822,-0.34870872,0.08144656,-0.6921736,-0.07138354,0.3197862,-0.1343466,0.21397802,0.054263037,-0.03614691,-0.13273424,-0.33671236,-0.17985073,0.058878727,0.11013301,-0.27155036,-0.10343411,0.1183552,0.43895823,0.19951814,-0.49768347,0.06858287,0.34050423,-0.5263859,-0.35196292,0.14129996,0.4616724,-0.30573475,-0.010522686,-0.08442472,-0.23239605,-0.07152107,0.040038366,0.06614764,-0.2366873,-0.16753773,0.13129015,-0.34672242,-0.598087,0.40102023,0.010995463,-0.07443825,0.043638967,-0.18602186,-0.15740478,0.0749997,0.12459441,0.032157745,0.43279514,0.26125303,0.32640904,-0.5075238,-0.29299667,-8.124651,0.19503406,-0.36481386,-0.26432484,0.22957675,0.21442883,-0.04360751,0.02603575,-0.0108806165,-0.13747936,0.118323386,-0.09562008,-0.025914226,0.31223443,0.14173594,0.014219299,0.6498314,0.105995595,0.0010957912,0.53844887,0.41244966,-0.25373086,0.22315593,0.20430854,0.2878374,0.43939766,0.21576472,0.058390684,0.06787632,0.19100909,-0.07208768,-0.03788382,0.33666155,0.61801106,-0.10159705,0.022556443,-0.38070074,-0.20033872,-0.07915249,0.1470153,0.0009997558,-0.09363208,-0.5118677,0.32472467,0.42898932,-0.44676423,0.15881225,0.33557093,-0.16108494,0.07856328,-0.079066545,0.47153634,0.08455308,-0.18626201,-0.030891612,-0.057968743,0.11655174,0.8913109,0.19395189,-0.18230787,0.25283968,-0.47481233,-0.19034128,-0.13116932,-0.073180765,-0.842862,-0.5782282,-0.6090256,0.35312533,0.405809,0.017812215,0.569675,0.07608461,-1.6016077,-0.0046451604,0.1855135,0.21216123,0.23036525,-0.0988161,0.13677947,-0.31852672,-0.05224871,-0.2573906,0.22377959,-0.03268753,-0.5602643,-0.37822732,0.23143964,0.07029484,-0.053869974,0.20394161,-0.21458575,0.4241138,0.66484606,0.06783247,-0.13621835,0.14349867,-0.61696064,-0.28452012,-0.28681916,-0.36137277,0.11499576,0.016367067,-0.40800437,-0.48575753,-0.11762719,0.11088965,0.010709049,-0.5397859,-0.038783155,0.16698185,-0.03866328,0.019405056,-0.28953868,-0.27470663,-0.19041845,0.16594723,0.12564248,-0.0525785,-0.3550541,0.032508425,0.3598724,-0.29524118,-0.47932228,0.37939733,-0.24021049,0.5134306,-0.030974835,-0.65320057,0.033366937,-0.40316343,-0.18772009,-0.25224862,0.195503,-0.5447055,-0.20537862,-0.008420152,-0.26903376,-0.045510508,0.48463863,0.05833164,0.46486658,0.2544002,-0.00084427855,-0.2341857,-0.055168398,0.10166876,0.177568,0.37656504,0.4547499,-0.565098,-0.3466627,-0.41000175,-0.5067093,0.17733152,0.27245277,0.45875826,-0.45744666,0.10612565,-0.3777587,-0.12300545,0.19275674,0.21080923,0.2531384,0.3442308,0.05593394,-0.16148053,0.099674545,-0.13401899,0.082961254,-0.1215955,-0.020595271,0.20564628,-0.02632376,0.2125576,0.11910832,0.2902613,-0.032899715,-0.05317697,-0.029795427,-0.12922396,-0.100412086,-0.2580733,-0.11994143,0.5762355,0.081133,-0.10949359,0.04503511,-0.35903138,-0.11881018,-0.67363876,0.62307996,-0.5329287,-0.876564,-0.12881969,-1.1289891,0.56742585,-0.14403443,0.25435466,0.49658698,-0.20246312,-0.37673283,-0.32705858,0.1940194,0.11638577,0.2603043,-0.11661725,0.12200825,0.19458291,0.26185545,-0.013759514,-0.2345485,-0.024800144,-0.18501917,0.28160352,0.29409975,-0.17572601,-0.44300142,-0.54984766,0.16089234,0.30645388,-0.22119007,0.060012717,0.5559765,-0.30594245,0.12612864,-0.19976434,0.16522597,-0.2649886,0.06875025,-0.10213504,-1.243785,0.17023154,-0.25102878,-0.0016645615,-0.07760541,-0.02027115,0.21301048,-0.10629982,0.032316048,-0.47247514,-0.9287093,0.16509794,-0.31548825,-0.037202656,0.26019987,-0.3138976,0.54635453,-0.28710815,-0.18516229,0.40815187,-0.289535,-0.17086396,-0.14178015,-0.29715982,-0.37393114,-0.53403205,-0.1722267,0.2645245,0.2554829,-0.36398703,0.12948556,0.10941714,-0.1981795,0.21750255,0.39566383,-0.054977603,0.30119747,0.14757402,-0.35257214,0.20934048,-0.23658602,0.009447917,0.33305317,0.016659861,-0.18812472,-0.641513,-0.6245622,0.004543648,-0.31035057,-0.37651303,-0.071663186,0.012995258,-0.17150244,-0.24149024,0.017100267,-0.46493173,0.29387534,-0.09786415,0.100810386,-0.27178657,0.23941198,-0.22133258,0.31161183,-0.08810769,0.09010641,0.45659646,-0.19627428,-0.2277312,0.18006542,0.009440992,-0.021612817,0.3209771,0.3625338,0.21026318,0.19419844,0.25310716,0.06010431,0.04929123,-0.1742572,-0.1592148,-0.29147372,0.13505325,0.16378184,0.09593903,-0.20032027,-0.43964523,-0.09444764,-0.35395512,0.11151848,-0.2466664,0.4962545,0.3273891,-0.09103437,-0.2301255,0.14633967,-0.10291739,0.104305044,0.077564985,0.023245532,-0.3930949,0.10062353,-0.24362521,0.20166099,0.10019084,-0.12976444,0.13706423,0.1404262,0.30061033,0.054061674,0.25487757,0.06552768,-0.056115944,0.4224895,-0.05638837,-0.24797401,-0.22682412,-0.13251871,0.5539415,0.6066261,-0.269203,-0.053588115,-0.008214956,-0.025993938,0.3353621,0.5725113,0.2192704,0.3440022,0.33228937,0.5734181,0.062725976,0.025403634,-0.19147515,-0.30855855,0.16632666,0.29141337,-0.08964776,-0.01935931,-0.03375064,0.095919766,0.34108743,0.010542569,0.6941608,0.056642853,0.2852364,0.3258456,-0.47042662,-0.27844784,-0.25081527,0.19686547,-0.08716211,-0.077399135,-0.21661708,0.068571284,-0.09455161,-0.2819425,-0.19588074,-0.0030110409,0.42661506,-0.54983056,0.022505661,-0.04007457,-0.31967264,-0.0095361825,0.30323702,-0.09142725,0.07902288,-0.5208535,0.012705779,0.2685211,-0.038605962,-0.2382457,0.06693093,0.33663195,-0.14157853,0.17873931,-0.3039709,0.3575128,-0.050661422,0.06972669,0.19089124,0.6946214,-0.13181639,0.108894765,0.046926815,0.12438929,0.1938873,-0.6825167,-0.14480484,0.3787565,0.206091,-0.36740512,-0.2228312,0.2866573,-0.031205077,-0.6373142,-0.10690782,0.3006692,0.18237165,-0.009254898,-0.29726398,0.13592267,0.30830312,-0.06651282,-0.27450997,-0.1753707,0.18310693,-0.5840474,0.05824714,-0.36772218,0.031329475,0.043740284,0.16437759,-0.3754521,-0.06809473,0.13119847,0.5740453,-0.17306066,-0.28936175,-0.07905704,0.07018691,-0.067659356,-0.012165973,0.016175795,0.31653565,0.159914,-0.40021783,-0.70153034,0.2792831,0.15380745
0.17779455,-0.032755688,0.41514075,0.42230985,0.06741123,-0.16749339,-0.6556336,0.85630643,0.5004364,0.23751879,0.48915046,-0.21421318,0.20733532,0.5107153,-0.14626539,0.12969564,-0.08960298,0.4124411,-0.1880102,0.3246475,0.0132878125,-0.42867553,-0.26224923,0.3253911,0.5525005,0.07237742,-0.04508453,0.03801133,-0.44917116,0.11832713,0.6184726,0.67263246,0.40686992,-0.21391983,0.17559578,-0.42913544,-0.39728326,-0.51357126,-0.1048095,0.21606743,-0.3991833,-0.2127347,0.3920841,-0.04582792,0.011305131,0.639817,-0.26920068,-0.48507524,-0.0016708724,-0.30534375,-0.39215943,-0.087597035,-0.5057895,-0.5324892,0.21853118,0.65153575,-0.12681432,-0.48414752,-0.06893322,-0.15341778,0.15683459,0.04977667,-0.035294443,0.009730394,-0.49761045,-0.13049479,0.20006916,0.19399787,-0.53891623,0.053663325,0.0638386,0.038011923,-0.0041655027,-0.24650934,0.14839707,0.20218712,0.059218492,0.35838145,0.0026253725,0.27107373,-0.31267175,0.4079727,0.46368816,0.3989036,0.32074735,0.5472364,-0.05500601,-0.036673486,-0.031762145,0.5368494,-0.22733884,-0.07238483,0.4249313,-0.07866766,0.15742017,-0.43393725,-0.031002162,-0.088950045,-0.055370178,0.29324567,0.5227135,-0.32754043,-0.28563085,-0.12579648,-0.07066552,-0.28706262,-0.39740193,0.49938995,-0.18138652,0.056777563,-0.34984258,-0.26912215,0.13850658,-0.39399505,-0.16703536,-0.0014063125,-0.022065029,0.29784143,0.049043044,-0.21198052,-0.2374494,0.38222656,-0.27503678,0.17993364,0.2925,0.210147,0.24809423,-0.12650579,-0.18669872,0.12333196,0.11751047,0.4455238,0.039647106,-0.1259425,-0.12835835,-0.19442163,0.25921458,-0.18582155,-0.17179266,-0.5099921,-0.15858683,0.4424082,-0.033816215,0.4681582,-0.091081545,-0.18377864,0.42586452,-0.33484563,0.025456337,0.09694257,0.044642664,-0.0102667,-0.19110864,0.0023739235,0.01520612,0.34982437,-0.5324034,0.3013007,-0.10088434,0.03719581,0.1485896,0.058571324,-0.21658835,0.6498427,0.22843538,0.10449822,-0.284003,0.2715039,-0.19434752,-0.091447085,-0.09264282,-0.6278637,0.11648412,0.19471562,0.528695,0.2432574,-0.06132077,0.15314884,0.07402492,0.29260868,-0.529207,-0.077925205,0.58559716,0.2786319,0.42735523,0.07263478,0.34724423,0.40155384,0.27024233,0.03223318,-0.38867557,-0.14532274,0.1696754,-0.3197381,-0.11801654,-0.3039764,-0.045829963,-0.500855,0.101011485,0.17441332,-0.3015954,0.3832453,0.062356967,0.034365088,0.18011871,0.28822985,-0.070301265,-0.17137173,0.025225922,0.24917243,-0.30121675,0.2483981,-0.06673709,0.32791203,0.6696793,0.102303244,0.36105984,-0.24163675,0.10167113,-0.37171856,-0.009986262,-0.04635642,-0.3036877,0.017627515,-0.47840118,1.0755067,0.19118875,-0.19215311,0.15629214,0.10988204,-0.43029544,-0.07714365,0.13852312,-0.16709888,0.107716486,0.0054554585,-0.0005626876,-0.4066132,-0.15256102,0.06408779,0.037397515,0.16772205,0.03808128,0.21927427,0.055710662,0.17680632,-0.2571846,-0.48650318,-0.02345498,-0.5262295,-0.23383698,-0.17248987,-0.30416754,-0.20232223,0.31487775,-0.025822034,-0.61991113,0.2957765,-0.050954033,-0.1891041,0.54685277,0.3239855,-0.10152543,0.012968157,0.1656588,-0.3596592,0.07964673,0.10385666,-0.1482068,0.19247639,-0.031142985,-0.4129107,-0.20413165,0.66373694,0.2694088,-0.27243277,-0.07540073,0.16082674,0.18564838,0.0033822744,0.088676475,0.06145332,-0.070581265,0.19752209,-0.43677303,0.014803604,0.27646926,0.1840422,-0.26802897,-0.40953204,-0.20317465,0.30283284,-0.5037859,-0.28963006,0.54377896,0.10624227,-0.21849366,0.20948437,-0.047751263,-0.22518852,0.22023821,0.088102445,0.29715765,0.05651697,0.07206907,0.012927833,-0.1200807,-0.32804748,-9.744805,-0.0034692488,-0.0058243885,0.15104645,0.4107842,-0.116222695,-0.19318308,0.22432601,0.1448446,0.010670768,-0.14583007,-0.25239116,-0.005900376,-0.3982231,0.012995644,-0.08150755,0.2059476,0.2920528,0.14665407,0.061086114,-0.20958132,-0.5170135,0.4872367,-0.10439839,0.35704243,0.17273822,0.07796724,0.10085079,-0.14074221,-0.003467297,-0.107327394,-0.19034691,-0.1492864,1.0109955,-0.1425418,-0.16682482,-0.06962969,-0.50389564,-0.15857843,-0.079099536,0.067039475,-0.2896427,0.034789998,0.47542763,0.6709729,-0.21678573,0.1424684,0.06694223,0.06474856,-0.023390384,0.00864283,-0.26745808,-0.3854591,-0.11851264,0.3013263,0.11151859,-0.26423156,0.97006434,0.09118709,-0.004305239,-0.10246573,-0.5261141,-0.23422487,-0.2097522,-0.44071025,0.098173596,-0.20522347,-0.039285533,-0.04521712,0.04651962,-0.3184942,-0.1512632,0.240327,-1.5623076,-0.3247106,-0.12705012,0.3641044,0.5339697,-0.49596232,0.02351569,-0.15971631,-0.33446267,-0.2172077,-0.19343294,-0.30352733,-0.23553187,-0.17278649,-0.4721846,-0.16912943,0.18704358,0.34506044,0.1577824,-0.049815226,0.063348524,-0.048967093,-0.39757347,0.48337218,-0.47825733,-0.30892968,0.04278326,-0.06040412,0.22824968,-0.032424733,-0.2594862,-0.5968928,-0.032069106,-0.21655183,-0.08355835,-0.0059727477,-0.009894555,0.4555475,-0.39614978,0.17603521,-0.28938437,-0.44548106,0.08276989,0.6654575,-0.07196174,-0.31475314,-0.39431214,-0.09721459,-0.07880658,-0.4836437,-0.9192533,-0.17526048,0.048367426,-0.26940164,0.16633537,-0.36126006,-0.052416433,-0.205232,-0.39398685,-0.37997478,0.1318021,0.19963498,-0.27493235,-0.19217573,-0.12060309,0.45505112,-0.12854047,0.32583618,0.008526193,0.28665254,0.14786695,-0.102186576,-0.35876244,0.17290887,-0.00015310422,-0.25680962,0.1798489,-0.79185766,-0.41423944,0.43871132,0.3389408,-0.08505238,0.16188751,0.7095298,-0.105394125,-0.4191923,-0.6188337,0.24732997,0.17805202,0.065892234,0.4561121,0.12843889,0.31948027,-0.12363186,-0.028819673,0.23809868,0.19710171,0.06942498,0.24695034,0.10448146,0.34109595,0.1881683,0.2377685,0.15501402,-0.5145403,-0.3348365,0.17367099,0.050610818,-0.20561792,-0.046753947,-0.25071284,0.71432686,-0.49327642,-0.027982812,-0.19658265,0.101291485,-0.115277804,-0.32945815,0.5475939,-0.18155923,-0.25899962,-0.18132871,-0.49871892,0.1629415,-0.38297948,-0.17684908,0.062654115,-0.14981607,0.18830715,-0.49954757,0.055104375,-0.019434191,0.009417182,0.45465022,0.2886389,0.25472787,0.15071888,-0.31527787,-0.36980143,-0.008794844,-0.20524788,-0.005540875,0.34292656,-0.49320245,-0.11951759,-0.58141094,0.16824606,-0.2737215,0.4927002,0.026577832,-0.004457212,-0.24366142,-0.23603435,0.4736512,0.004064067,-0.18041588,-0.0135520995,-0.198887,-1.2816423,0.13739926,-0.31854266,0.08290144,0.3601593,-0.37272125,0.22464505,0.2493335,-0.18532316,-0.5237086,-0.1706147,-0.301654,0.05099036,-0.4451524,-0.08600555,0.13907748,0.23809628,-0.11778347,0.092362136,-0.1289187,-0.21028149,-0.046470474,-0.13787176,-0.039282586,-0.63441706,-0.303617,-0.09630671,-0.5660916,0.48952472,-0.48326126,-0.05376615,0.021149175,-0.07707587,0.23629102,0.359307,-0.23679453,0.026593644,-0.20345874,0.17981534,0.3200415,-0.19396167,0.07028952,-0.071336225,-0.30713338,-0.13477184,-0.72177833,-0.70389795,-0.1508214,-0.26200208,-0.08593598,-0.18365556,0.54702723,0.38061342,-0.05076765,0.006431019,-0.08776229,0.29521695,-0.12902302,0.2564695,0.25200832,0.42717305,-0.08324504,-0.5087431,-0.4925247,0.08921008,0.6680523,-0.5827954,0.078688234,0.20454727,0.21874297,-0.54257303,0.30410585,0.5085696,-0.21796949,0.19073205,-0.33187947,-0.11770244,-0.023346238,-0.38628113,-0.112599246,-0.6210413,0.44610345,0.28014377,-0.042111937,-0.5222412,0.040158726,-0.090404965,-0.4661782,-0.016367974,0.005791843,0.17088526,0.3406171,-0.16103034,-0.23774922,0.6309648,-0.3225969,-0.1646536,0.47718155,-0.07302105,-0.024185987,0.09768827,-0.5592234,-0.09318375,0.19446579,0.00017725155,-0.061168727,-0.63932395,-0.18881872,0.02424584,-0.21796647,-0.25866666,-0.12180688,0.2882185,0.06527675,0.04104109,0.0068196654,-0.27709883,1.101631,0.16530734,0.05877249,0.19758171,0.109682806,-0.0991616,0.020518234,0.2572111,-0.24352822,-0.083120935,-0.092733085,0.44026685,0.24889469,-0.06677155,-0.13717064,-0.031626593,0.05103054,0.085034736,0.0121122245,-0.12174015,0.20554483,0.23453902,0.13369074,-0.25339103,0.4326818,0.083117545,0.096392676,0.2090762,-0.079933904,0.40122494,-0.22362667,0.27315214,-0.056910384,-0.26754856,-0.40665254,-0.24171087,-0.03662373,-0.4972599,0.17377277,-0.11086547,0.24041544,-0.26431328,-0.39220715,0.2873471,0.24602762,-0.23759526,0.0066132545,-0.040064406,0.048306435,-0.122667,-0.33626077,-0.15390125,0.12042687,-0.6385067,-0.097499914,0.5238326,0.010334066,0.39516693,-0.1903947,0.5721668,-0.6095229,-0.2203872,0.20222607,0.5800067,0.012908268,-0.11516935,-0.0023093568,-0.09165487,0.3715239,0.04166513,-0.3642663,0.0045486996,-0.27808225,-0.43833792,0.16929275,-0.54238874,0.043946452,-0.24996811,0.18388705,-0.035538916,0.072618134,0.21413621,-0.13428319,0.1584769,0.3914332,-0.18406983,-0.31094065,0.004343608,0.12084548,-0.37767497,-0.09077692,0.45782295,-0.25624406,-0.1687518,-0.086696364,-0.10708489,0.21254653,0.063510664,0.2726327,-0.257244,-0.5528704,-0.62833464,-0.68343943,-0.35145557,0.009623342,0.054718006,0.031758785,0.21996178,-0.45715535,-0.2999163,0.13820486,0.029320186
0.38799548,-0.15111533,0.362233,-0.05077582,0.25006747,-0.28342113,0.091658756,0.36835414,-0.2331802,-0.026107736,-0.18651251,-0.38621607,-0.031578224,0.37820786,0.13124299,0.71841884,0.05116492,0.6169746,-0.18666928,0.7820728,0.40705624,-0.07382986,-0.1232866,0.24384697,0.5506017,-0.08350602,0.24784361,-0.26188084,-0.8700946,-0.08211919,0.48123592,0.32451808,0.4323887,-0.015614666,-0.34197333,-0.69833827,-0.45328265,-0.24618086,0.10147684,0.71488017,-0.3329807,-0.37606823,0.12622029,0.025197558,-0.104032695,0.19230057,-0.21139637,-0.13936971,0.13171038,0.124701135,-0.55680484,-0.0067476016,0.21794109,-0.309966,0.29279625,0.39242122,0.4899403,-0.72336054,-0.35531113,-0.2191602,-0.028985627,-0.047673672,0.1225225,-0.2742487,-0.30369005,0.11261607,0.19825378,0.7340793,-0.89600945,-0.026016595,0.14246458,0.07945387,-0.41305238,0.42179558,0.050870042,0.4083118,-0.25351393,0.68815607,0.3499118,-0.1264478,0.11992874,0.34621224,0.29637402,-0.032969117,0.23047575,0.18872501,0.20396847,0.15674804,-0.6624746,0.81247413,-0.31941944,0.0016836146,0.053155355,-0.003310986,0.7567163,-0.38759995,-0.44799066,-0.35723686,-0.20933661,-0.24958324,0.40762842,-0.17861876,-0.04332383,0.024842262,-0.17493895,-0.122707166,-0.58317363,-0.08499281,-0.14495307,0.1294802,-0.2118787,0.31818563,0.17872359,-0.69066435,-0.36030862,0.14583844,0.05706106,0.11074176,0.18668664,0.18822165,0.062947474,0.36402747,0.011959,0.3724057,0.3011529,0.19774264,0.20699863,-0.4215209,0.09070569,0.34140518,0.2802956,0.31317842,0.09995461,-0.4943801,0.038749684,-0.06826179,-0.17055906,-0.11389016,0.15352537,-0.18446124,-0.09345299,-0.12747957,0.07509055,0.2529125,0.23907803,0.07327605,-0.072660945,-0.45809174,-0.4984465,0.21299337,-0.20890999,-0.20892812,-0.32489708,-0.12780283,0.07264925,-0.32917,-0.009321518,-0.23681226,0.34852242,0.021111298,0.21687992,-0.0077580595,-0.26298928,-0.24750328,-0.2331577,-0.1787082,0.29327613,0.35872036,0.022260958,-0.08089654,0.030375225,-0.3130005,0.48211873,0.03910611,0.273283,0.8143657,-0.1094697,-0.22711878,-0.07450869,1.0256692,-0.46139,0.052250747,0.143167,-0.42638823,0.22036913,0.17001382,0.6381584,-0.2685851,0.7758855,-0.042526435,-0.64288336,-0.19334728,0.15403733,-0.12616183,0.5786289,-0.27675542,-0.03690644,-0.11985207,0.42763126,-0.16758448,0.10580758,0.35593882,-0.0026155107,-0.08536059,-0.71502614,0.016778253,-0.0030146167,-0.5213325,-0.16367856,-0.14169669,-0.2221295,0.2825625,0.043847032,0.16217443,0.21167335,0.4123524,0.041790828,-0.3627087,-0.16091059,0.22755155,-0.02767831,-0.73818207,-0.021970095,0.0027419978,-0.25392398,1.4630207,0.04869459,-0.5184102,0.540504,0.14226452,-0.080688335,0.24740416,0.21575594,-0.3359905,-0.119685136,-0.04015213,-0.26115468,-0.2439661,0.17796816,-0.18411505,-0.0992406,0.6882166,0.055966783,0.33765888,-0.06478348,0.043295383,-0.23501417,-0.5111419,-0.036407266,-0.16150542,-0.020944871,0.37739566,-0.66426027,-0.5097742,0.116159655,-0.24276775,0.080912285,-0.1885069,-0.29540852,0.3914878,0.666312,0.22177705,0.0026469128,-0.031670853,0.32109383,-0.53346884,0.26831803,0.18835096,0.6253441,0.041137982,-0.03717349,-0.3100615,-0.15428874,0.72769976,0.108686134,-0.3897042,-0.07788105,0.22007352,0.23195969,-0.09130539,-0.11525716,0.5209179,0.013411261,-0.11834854,-0.3379777,-0.14219588,0.09144951,-0.18448988,-0.28366965,0.39356312,-0.7727094,0.15882139,-0.2971718,-0.1602632,0.65625495,0.49920666,-0.06331727,0.2313169,0.07520397,-0.32256117,-0.02576095,0.10238086,-0.42173755,-0.20535041,-0.06721852,0.42314792,-0.3646177,-0.6368368,-7.2621913,-0.36272728,-0.22819775,-0.5170448,-0.04210274,-0.42819417,-0.0475673,-0.061284605,0.1282369,-0.02891905,-0.17432117,-0.1397658,0.14049934,-0.37112224,-0.40451676,0.0695164,0.6942065,0.011071979,-0.2551847,0.48914754,-0.53868276,-0.34395963,0.19352469,0.13793853,0.5021895,0.0026673076,-0.58619845,-0.03575507,0.022544611,-0.33992368,0.015780916,-0.18498266,-0.105303556,1.0762832,-0.49114558,-0.18971387,-0.057446953,-0.4180173,-0.095305,-0.45335066,-0.029364545,-0.30732968,-0.23787703,0.21229438,1.0600282,-0.6394317,-0.030038849,0.36539647,0.15289624,0.2523806,-0.31461862,-0.520364,-0.15546055,-0.19626667,-0.26484272,0.17229658,0.09528231,0.69946676,-0.10223399,-0.4226946,0.407286,-0.22266577,-0.35317582,-0.00727159,-0.21454138,-0.49241614,-0.7380278,-1.1041492,-0.3702243,-0.36808446,-0.6649665,0.46681613,0.0493053,-0.902725,-0.16591488,-0.64882195,0.3820941,0.11996538,-0.6047438,-0.59235215,-0.74838555,-0.055161662,0.20038652,-0.15019147,-0.50664324,-0.37889096,-0.20809478,-0.6710842,-0.6340259,0.24091955,-0.04168374,-0.0093688555,0.23219451,0.18816094,-0.034423035,-0.19181253,0.7273497,-0.1986126,-0.15398036,0.25587794,0.29800892,0.24881989,0.48065907,-0.5059054,-0.26745358,-0.48813045,-0.27940768,0.20125367,0.015409729,-0.42701876,-0.055244695,0.05754422,-0.3984948,-0.054878864,-0.2280965,-0.36371547,0.13204215,0.6249487,0.3094829,-0.7879297,-0.28884926,-0.2592966,-0.31483537,-0.20194244,0.5016267,-0.24069738,-0.0887475,0.1955632,0.2594555,-0.03334053,-0.07441077,-0.1539536,-0.26306048,0.061947856,0.056959726,-0.30735344,-0.032586142,0.005902442,0.10400904,0.5903053,0.34424752,0.45315206,0.14469136,0.102350675,0.50423145,-0.09577963,0.17946045,0.4830796,0.22942242,0.27951902,-0.6329956,-0.5382907,0.07743077,-0.22973305,0.10741177,-0.1915719,0.65427566,-0.048086647,-0.46251416,-0.43766025,0.050668627,-0.2902149,0.024237817,0.23433174,-0.2020945,0.06894078,0.32293347,0.21192092,0.32652572,-0.49792784,-0.20574087,0.5637443,0.19778593,0.19455455,0.26549494,0.400556,0.24288,-0.32603073,0.094340704,0.700053,-0.10936401,0.18884297,-0.11888964,0.27476776,0.4401756,0.09032812,0.19126324,-0.00082618423,0.48382118,0.63455445,-0.44005433,0.6669353,-0.11806757,-0.46451512,0.17156664,-0.77187264,0.42306247,-0.37508163,-0.03512056,0.27041462,-0.41743606,0.10612675,-0.738324,0.2857033,-0.45120788,0.12333445,-0.21950921,0.33323392,0.40335435,0.032475006,-0.20832069,-0.41722995,-0.76171905,-0.41497555,0.27745488,-0.3892609,-0.5120825,-0.32383588,-0.5718141,0.14131603,0.10548616,0.3277524,0.2517486,0.007142156,-0.034164425,0.18078756,0.23283236,-0.37802115,-0.11194124,0.12430713,-0.10231863,-0.7775977,-0.043306705,-0.081367165,-0.16200331,-0.056393318,-0.2627611,-0.39059246,0.07367892,-0.40321636,-0.19177619,-0.7561267,-0.50675917,-0.9737897,-0.14708112,0.07550704,-0.084352486,0.093061574,-0.27180955,0.31462556,0.29072744,-0.089104556,-0.0073797326,-0.4025773,0.36647636,-0.7910059,-0.07584455,-0.34369,-0.237584,0.25535104,-0.060321208,0.12913352,0.017707156,0.46334693,0.19407372,0.038618635,-0.15151018,0.24687111,-0.023974247,-0.82781243,-0.5601528,-0.10578522,0.019690966,0.501561,-0.26109576,-0.18535776,-0.22469985,-0.45838898,-0.18733616,-0.023199927,-0.5992376,0.03541768,0.3495652,-0.10149453,0.56306297,-0.18515402,-0.37242925,0.42212218,0.21505132,-0.15851574,0.11765476,0.52701825,-0.06373955,-0.032157738,-0.12308846,0.5339406,0.3383732,0.06894534,0.33843172,0.016632881,-0.36947045,-0.17579006,0.8688398,-0.027217822,0.1050082,0.20759495,-0.13039841,-0.4317393,-0.18746647,-0.5781765,-0.1808181,-0.22385712,0.5838065,0.6534689,-0.06558143,-0.15929216,-0.9470241,-0.14930949,-0.52927387,0.23465033,-0.40392765,0.42045733,0.6539163,-0.09988903,-0.058093578,0.24225625,0.24519418,-0.011937375,0.4716508,-0.10836878,-0.4794746,0.025726276,0.045217186,0.29496074,0.006166071,-0.4577774,-0.1816108,-0.108211525,-0.17137653,-0.028537275,0.1034537,0.17187212,-0.2793753,0.28255588,-0.23724861,-0.073240355,-0.13137032,0.017006852,0.41561055,0.48175085,-0.07110956,0.05656214,-0.20325363,0.5166252,0.23043776,0.10626681,0.33907735,0.3168503,0.10703142,0.52308595,0.25707543,0.26730937,-0.018668279,-0.38835445,0.20699057,0.055984706,0.11845381,-0.21102339,0.18143737,0.15527631,0.5476324,-0.11094154,-0.031093888,-0.56333673,0.32748866,0.013945763,0.085222654,-0.3506482,-0.32500038,-0.1603749,-0.5653725,-0.043082714,-0.66917056,-0.11335976,0.19429931,-0.43489766,0.03300204,0.10763886,-0.10998153,-0.4471219,-0.34659776,0.2560001,0.3361698,0.04250875,-0.21982788,-0.11999877,0.08259778,0.25564295,0.5777886,-0.07390013,-0.16334763,-0.47207156,0.09507026,0.02958753,-0.10880123,-0.32610348,-0.40014473,0.24220714,-0.5838396,-0.18202595,0.135573,0.063989714,-0.005806781,0.24472211,0.15354411,0.22872023,0.37501132,-0.13679129,-0.47785485,-0.07852965,-0.2336962,-0.33022103,-0.08074933,0.20298588,-0.35166347,-0.7449089,0.19472937,0.12672669,0.122406244,0.44294107,-0.8456699,0.37231842,0.100210264,0.08495262,-0.47519368,-0.48404858,0.11422899,0.2942068,-0.07840277,0.19657831,-0.24156214,0.055713523,0.18087712,-0.644734,-0.057695355,0.28928813,0.22370547,0.14957882,-0.4381989,-0.22642319,0.08267007,-0.04303815,-0.48576427,-0.30000284,0.5436387,-0.041600484,-0.3368767,-0.56831723,0.10116534,-0.18406321
-0.5265144,0.20352964,-0.011809746,-0.18843257,0.37925082,-0.020817613,0.79026663,0.13639042,0.55074924,-0.22607999,-0.04472154,-0.44379163,0.58215827,0.2990639,-0.02352831,0.8838351,0.07631463,-0.21153653,-0.31353638,0.10882416,-0.47139525,0.5650737,0.07676525,0.23176636,0.4036759,0.06390823,0.21480581,-0.3880658,-0.34350562,0.696562,0.34777448,0.709504,-0.12662166,-0.026379114,-0.65715194,-0.24780709,0.07156786,0.03288547,0.6147222,0.096499704,-0.90106255,-0.44597313,-0.23984773,0.14850765,-0.21136558,-0.18834096,-0.07781772,0.036666278,0.03590881,0.054089114,-0.34651116,-0.13318327,0.01905729,0.11177045,-0.2425317,-0.3146948,-0.1203629,-1.039988,0.4102381,0.1497684,-0.05246924,-0.30324557,0.92713463,0.5176504,0.2505012,-0.48412704,-0.6159207,0.03550755,0.35022232,-0.58251846,-0.5335329,-0.06400978,-0.08672548,0.5453601,0.8378174,-0.44573554,-0.11894241,0.5169744,-0.69538236,0.21322463,-0.6471181,0.16112545,0.5396905,-0.13468282,0.052916203,0.227603,0.47866994,-0.28643775,-0.95617425,0.5270782,-0.29244947,-0.8050129,-0.26624462,-0.061203808,1.0194818,-0.112206325,0.21761027,-0.16818157,0.74488527,0.17392553,0.50913507,-0.56380343,0.8371061,-0.6604582,-1.0204142,0.47979924,-0.13852647,-0.34347427,-0.17778778,-0.15903147,0.91838104,-0.3301456,0.4308254,-0.48070753,-0.34044904,0.37343964,-0.2983297,-0.13523813,0.30029398,-0.28876057,-0.4735121,0.32362363,0.639683,0.18233396,0.53291655,0.040980794,-0.89705604,0.47163197,-0.30146453,0.36264193,-0.05591798,-0.1732703,0.20898777,0.35433814,-0.37860975,0.4088625,1.2491592,-0.83260435,-0.24400543,0.027018702,-0.63777566,0.00084865326,0.21014601,0.65143716,-0.05106402,-0.9930357,-0.47095066,-0.1853639,0.6113399,0.64703214,0.012266401,-0.29116747,-0.6167788,-0.007049989,-0.23069666,0.4669975,0.16147047,0.44709638,0.25650805,0.15960085,0.1380867,-0.034914423,0.1800123,0.32939065,0.55156755,-1.1736094,-1.2018012,-0.20338297,0.12413679,-0.046343055,0.79776764,-0.30328342,-0.1281405,0.056298148,1.1347573,0.008638609,-0.0755282,-0.20206018,0.29405257,0.58025163,-0.6559672,-0.0673722,-0.2926886,-0.09734835,0.37272847,0.45873305,-0.025333168,-0.83704686,0.4680709,0.6916973,-0.78235346,-1.0525246,0.043161206,-0.54134214,0.28018653,-0.17261405,-0.65036756,-0.270925,0.1542681,-0.4077569,0.3788725,-0.07142589,0.13241749,0.6753907,-0.42085284,0.2582821,-1.0361344,-0.8159545,-0.9226323,0.04562883,0.32891217,0.52275336,-0.01791239,-0.04433235,0.042960506,0.19303899,0.18908149,0.56627154,0.08333134,0.10674314,0.38975942,-0.47616825,-0.35135475,0.33835986,-0.03247453,1.4025788,0.19162232,0.07392348,0.13335294,-0.28755918,0.41845515,-0.9328644,-0.056870237,-0.7673332,0.3858618,0.35937586,-0.5931115,0.06553604,0.6583329,-0.25957033,-0.13367784,0.32632595,0.77570176,-0.30616075,-0.10564352,-0.26175007,1.0512813,-0.43012962,-0.271788,0.17502668,-0.26286674,0.3980661,0.50525,-0.60999846,-0.73901296,-0.3922591,-0.6375191,0.17669426,-0.20017724,-0.092332974,0.9309616,-0.67870706,0.58441126,0.18090135,0.11973555,-0.09145427,0.0151922535,0.17120919,0.36953464,-0.7573747,-0.62458694,0.4631828,-0.5130926,0.9804017,0.15511657,0.021923004,-0.21109839,0.1643024,0.46038693,0.06488747,0.06852226,0.23982428,0.24234028,0.6932522,0.028663866,-0.33662003,1.4405663,0.09789072,0.33334136,0.41601014,0.3551277,-0.2782872,-0.47303095,-0.6692707,0.5514039,-0.034267284,-0.46035984,0.03415089,-0.23256437,-0.3343228,-0.30730504,-0.24739712,-0.29085878,0.63033956,-0.5055124,-0.34928632,-1.0318074,0.40535122,-6.530738,-0.22842433,-0.25521496,-0.53961456,-0.2243594,0.24226251,-0.119588375,-0.2926956,-0.2693054,0.18741457,0.04158161,-0.81253654,-0.109574415,-0.42537037,-0.2618509,-0.5274271,0.5400879,0.4896573,-0.7613418,0.47931042,0.22502811,-0.64613855,0.6072863,-0.13142854,0.9326551,-0.09755456,-0.39664918,-0.058433782,-0.8090503,-0.65851843,0.3507869,-0.8384719,-0.036302797,0.9832959,0.4476407,-0.53328115,0.019364584,-0.6291061,-0.07685819,-0.1237574,0.41194054,-0.7285424,0.013411715,0.24353737,0.38943076,-0.53042066,-0.14198774,-0.05011368,-0.24653816,0.4801922,-0.10315301,-0.0874305,0.34695828,-0.9382815,-0.028969612,0.31863537,-0.7073501,0.5440653,-0.013051403,-0.5745562,-0.26681554,-0.77240866,-0.2137498,0.010785971,-0.5700447,-0.763104,-0.6115819,-0.47527453,-0.015631622,0.17897417,-0.24438034,0.73678017,0.07929544,-0.8986615,-0.20638894,-0.4629861,-0.913319,-0.9801476,-0.16053842,0.16753744,-0.3526219,-0.28332755,0.028684853,0.023863913,-0.13206027,0.24826865,-0.2538737,-0.64053994,0.03616717,0.9275352,0.2666398,0.42080203,0.06825857,0.2522698,0.96440184,0.023615329,0.03805288,-0.35572013,0.09276023,0.6955779,0.046373762,0.2300105,0.83470553,0.0148413535,0.31762946,-0.05982649,-0.010154109,0.30758935,0.8051832,0.4689489,-0.105933554,0.4140738,0.08564275,-0.55110353,-0.5064429,-0.65889966,-0.26119778,0.06263783,0.08358843,-0.31747237,-0.6181207,0.02977723,-0.27459857,-1.3596001,-0.72351646,0.86322194,-0.08987029,-0.4383398,-1.0862118,-0.52182496,0.19729416,0.20176874,0.30432317,-0.10494795,0.18218558,-0.105130136,0.32314232,-0.527308,-0.6591737,0.09901432,0.7188157,0.25217348,0.000776034,-0.2846321,-0.19836745,-0.034836728,0.44462335,-0.2943558,0.12196255,0.35535747,0.39522457,-0.71109635,0.5612441,-0.5029146,0.17150274,0.74419343,0.16716397,-0.4897065,0.5222503,0.4371297,-0.103091955,-0.16749792,-0.08721451,0.44645566,0.09725646,0.37051165,0.11737681,0.33754796,0.17181534,-1.1533113,-0.8911425,1.0374169,0.61683697,1.1930361,0.2707613,1.0126044,-0.05515567,-0.17198946,0.47622955,0.26289263,-0.07716662,0.38155583,-0.09539461,0.40233138,-0.02316267,0.029326169,-0.64816016,-0.31995812,-0.6191185,0.36020878,-0.19222017,0.619161,0.054120563,-0.23784752,-0.31559485,-0.8022551,0.51989245,-0.89375204,-0.44964966,0.8784746,-0.060741495,0.21354347,-0.026816426,0.037332326,-0.37569126,-0.24128097,-0.017202973,-0.3635819,0.08963946,0.18695219,-0.47377494,-0.16742283,0.4187115,0.38960162,-0.029629083,-0.3921119,0.101619005,-0.92820007,-1.0613922,0.6098484,-0.6330296,0.25570545,0.38174987,0.72842634,-0.4621278,0.009599238,0.50032306,0.099528596,0.1905483,0.14057407,0.14295037,-1.722692,0.2849992,0.46028057,0.49062997,-0.6082394,0.31176797,0.8031975,-0.52904016,0.16313367,-0.04739579,-0.447217,-0.1936221,0.055712417,-0.7540503,0.29553127,-0.009995593,0.08702936,0.04449315,0.33279103,-0.14822502,-0.25466236,-0.8525818,-0.39016548,0.2632381,-0.10015528,-0.32993123,0.5613908,-0.3686068,0.6639407,0.07055883,0.049411967,-0.32042453,0.095383815,-0.5261256,-0.43902883,-0.22127116,0.11411493,-0.04997866,-0.6896784,0.61155725,-0.59491724,-0.1996607,-0.28369388,-0.8962073,-0.08869264,-0.8890638,0.09881043,-0.06564998,-0.37474322,-0.48109916,-0.5490018,-0.4257428,0.15432309,-0.032066975,-0.21294728,-0.27749968,0.38789856,-0.47873268,0.17577095,0.15202418,-0.2376014,-0.14388335,0.68793046,0.18728414,0.8711483,0.6298851,-0.04063114,-0.8278318,0.46224242,0.55945426,-0.035976768,0.14241448,0.7117242,0.28561398,0.6985134,-0.65311563,-0.2111519,-0.1696659,-0.21502146,-0.9012261,-0.6632949,0.22897616,0.8283564,-0.051456183,-0.24748191,0.59359854,-0.27818662,0.022797603,0.096416734,-0.39233413,0.53678423,0.859429,-0.07534553,0.2134292,0.4206208,0.4529251,-0.5201197,-0.9218821,0.4189246,0.2804061,0.9526492,-0.17191914,0.067575805,-0.54111564,0.5895463,0.963218,-0.2505466,-0.17281608,0.09470319,0.056038495,0.18335487,-0.62191236,-0.29849076,-0.29151082,-0.38754478,-0.3967229,0.22421981,0.1157923,0.78722656,0.72305983,-0.33640042,0.350311,-0.17042583,-0.070767395,-0.3482501,0.2999564,-0.023519251,-0.26308736,1.2203828,-0.06189744,0.1441263,-0.29335883,-0.40925267,-0.17777643,0.2038692,0.10756076,-0.38133743,-0.4676266,-0.44095984,-0.063762195,-0.05907585,0.096894935,0.1804326,0.7925712,-0.51908547,0.2739438,-0.100640394,-0.1895079,0.32937407,-0.09991621,-0.60123956,0.170249,0.10248204,0.7124102,-0.30562696,-0.6018748,-0.80084914,-0.0072835223,-0.06786499,-0.16305003,0.72090894,0.5324938,-0.33715022,-0.57614785,0.4544629,-0.09613912,0.086991005,0.23614708,-1.0383208,0.70634115,0.60230273,-0.86331755,0.0018211234,-0.08618552,-0.041404918,-0.179634,0.17206989,-0.32072654,-0.75558645,0.20647718,0.19903716,-0.027082682,0.4496675,-0.41846386,0.16841587,0.84420395,-0.37065318,-0.43997264,0.36369202,-0.13783477,-0.40609854,-0.60038,-0.6020876,0.15244888,0.54640573,0.32700527,0.14453316,-0.20521422,0.9192049,-0.07238457,1.0708126,-0.109874465,-0.35999614,-0.62924504,0.3987666,0.09366941,-0.14825578,-0.48274177,0.048079863,-0.130669,-0.39476395,-0.13027124,-0.53590196,-0.36278224,1.630187e-05,0.39221305,0.16902222,-0.8127387,-0.1548658,0.36230034,-1.2341789,0.115912125,-0.45953047,-0.4522165,-0.15076867,-0.012047101,-0.86808944,0.18536182,0.10151436
0.5320877,-0.48295742,-0.046845034,-0.03812391,0.53209007,-0.37462655,-0.19272023,0.7599083,0.1273478,-0.24067982,-0.039343916,0.35957497,-0.044550106,-0.072983034,-0.27504277,0.061495624,-0.1221602,0.28351244,0.17504972,0.5009988,-0.171609,0.33028418,0.06696277,-0.44148725,0.27270266,-0.051301986,-0.11253228,0.13565354,-0.16078056,0.094252355,0.17663103,0.10767561,0.633377,0.18838349,-0.16875908,-0.51767135,0.108035125,-0.005279916,-0.7068816,0.2713082,-0.16411117,-0.273508,0.56428236,-0.04004084,-0.18994233,-0.093813166,-0.32516888,-0.021191714,-0.2035779,-0.19795859,-0.043571796,0.17213362,-0.3540938,0.18623388,0.14145581,0.25519723,0.33506447,-0.27213755,0.17331004,-0.038210355,-0.28455764,-0.52404845,0.047403596,0.0013911441,-0.0027922466,-0.5333236,0.47078234,0.6178819,-1.0683731,-0.3247717,-0.2814167,-0.10569624,-0.36787832,0.17979237,-0.34046358,0.26991186,-0.16078237,0.3487058,-0.03918881,-0.22266595,-0.4290483,0.5582556,0.25906223,-0.18404813,-0.14234851,-0.36684984,-0.3197666,-0.4240709,-0.5578274,0.7470052,-0.2816965,0.42588562,-0.08991551,0.2016747,0.24123187,0.05476298,-0.35112256,0.048985917,-0.16184247,-0.009235727,0.09693845,-0.6152655,-0.046348955,0.13080426,0.16571012,0.20679171,-0.61126465,-0.33436093,-0.131654,0.23621364,0.0117182685,0.12785241,0.4097146,-0.41231528,-0.47724825,0.386517,-0.20998795,0.40922174,0.25556266,-0.18884708,-0.37891355,0.19402984,-0.3767388,0.33680058,0.48356754,0.21226664,-0.08732847,-0.3266067,-0.0050454,-0.20866421,0.25940388,0.6589226,0.104848504,-0.01086963,0.21566145,0.09110941,0.3702411,0.5808658,0.36194652,-0.43103367,0.09105037,0.666917,-0.19827594,0.26698154,0.7911573,0.2140564,0.51499104,-0.08172056,-0.2653602,0.47216335,-0.48891467,0.081079006,-0.29114896,0.27118662,-0.37222677,-0.077706695,-0.16588864,-0.2587324,0.3947354,0.40353036,0.22824785,-0.15553638,-0.0462621,-0.032223664,-0.34403485,0.30655533,0.05854697,0.16826138,-0.18001682,-0.33677572,0.09017436,0.15310058,0.65242714,0.19008699,0.7004311,0.26223186,-0.31657985,-0.42125902,-0.4270374,0.81389695,-1.0080403,-0.13458394,0.5063249,-0.011503981,-0.4699653,-0.124463305,0.07678463,0.008081977,0.6904484,0.14124681,-0.39531812,0.22819602,-0.62444425,-0.21632688,0.1523749,-0.6920976,0.07580866,-0.11618461,0.41531235,-0.26659715,0.3525287,0.0053897416,0.20080414,-0.25788707,-0.20664033,0.70361406,-0.123903535,-0.33486834,-0.47547984,0.47679496,-0.5479164,0.3673269,0.21110217,-0.09186219,0.2635545,-0.19887601,-0.07545278,-0.25069252,-0.29564995,0.43961143,0.12191572,-0.25249833,-0.63285184,-0.13841316,-0.54465365,0.44439763,0.058774997,0.09602319,0.3194815,-0.38946325,0.19257472,0.0046407715,0.29140732,0.010549537,0.06661144,-0.28112817,-0.2380346,-0.4981602,0.1323012,0.20557141,-0.21703112,-0.2570636,0.43944186,-0.0019824088,0.3169981,0.29433453,0.19449179,-0.24851081,0.53732646,-0.0017168329,0.05024128,-0.6250184,-0.015164563,-0.33782053,-0.2843507,-0.5411545,0.2610309,0.036670823,-0.23412916,-0.43731156,-0.12351737,0.11394894,0.668197,-0.05797534,0.061953075,-0.08596336,-0.019266406,0.113426484,0.10376148,-0.1358526,-0.3193038,-0.13038322,-0.082220666,0.42060333,-0.54995966,-0.34610707,0.15296957,0.3731886,0.04474381,-0.30894002,-0.014239503,0.14343858,-0.2596735,0.26997808,0.018862626,-0.26962882,-0.3105518,0.092262045,0.10885163,-0.10610501,-0.30101573,0.65269595,0.090967394,-0.29119,0.83377093,0.3075696,-0.035199724,0.3407813,-0.6298605,-0.95670617,0.008661146,0.25911036,0.08851368,0.10674985,0.4334802,-0.00044342,0.030752236,-0.41636267,-9.593355,-0.24191391,-0.19706023,-0.38417482,0.20015922,-0.5865313,-0.29750904,0.0942174,-0.3584651,-0.38195282,-0.3615355,-0.40213466,0.28034726,0.27608287,-0.05027212,0.10553938,0.31177133,0.15716335,-0.44638926,0.4577056,-0.1385003,-0.3581259,0.4812066,0.41300648,0.04161839,0.28086126,0.16024473,-0.007089612,-0.068352155,-0.15018226,0.39039832,0.39026016,0.08238412,1.0561424,-0.37380093,0.030203242,-0.12395096,-0.15216985,0.25069085,0.3850333,-0.015314711,0.8532442,-0.7090091,0.2753132,0.0789201,-0.44939375,0.63038695,0.64000195,-0.16403654,0.3433082,0.06957904,0.4825422,0.19464779,-0.34096634,0.04560539,0.45427823,0.12073948,0.66492516,0.107792675,-0.32106858,0.2911014,-0.2749858,-0.054881036,0.2479897,-0.05846839,-0.8188907,-0.19976339,-0.75144017,0.28925958,0.47468123,-0.45777363,0.36500067,0.029758062,-1.4149612,-0.23667574,-0.061722945,-0.25242028,0.19973688,0.020023402,-0.21969648,-0.5591626,0.17281672,-0.073286414,-0.37358636,-0.23940757,-0.61085194,-0.3570282,-0.29624507,-0.09150493,0.017858516,0.18741868,-0.06825504,0.21011278,0.307725,-0.18579975,-0.19750911,0.10062067,-0.5330311,-0.17249629,0.05995662,0.23693463,-0.21521433,-0.14633802,-0.057086267,-0.048222024,-0.062247086,-0.20287113,0.15703043,-0.0044812085,0.3221163,0.07129947,-0.15766288,0.21523407,0.11752925,-0.46726125,-0.09546365,0.10678109,0.42191452,0.03952507,0.01940957,0.06502073,-0.24640651,-0.16806766,-0.7545192,0.23281085,-0.3544028,0.11398659,-0.98279697,-0.40435457,-0.3856505,-0.16295446,-0.10519121,-0.050541304,0.17865163,-0.2692773,-0.4639062,0.14623407,0.32703286,-0.20960554,0.56431437,-0.04123061,-0.13064852,-0.04133413,-0.13701987,-0.10553165,0.12795593,-0.09796168,0.71719575,0.24964944,0.5016817,-0.4979751,-0.4799276,0.29486364,0.14251813,-0.08954579,-0.6168097,0.3014566,-0.55685437,0.311395,-0.9209822,-0.047671266,0.030383002,-0.16189781,0.29015663,-0.04312663,0.2839757,0.054127194,0.09049712,-0.4852342,0.029567283,-0.09015697,-0.18224649,0.10347501,0.15949532,-0.13347065,0.3302346,0.21859308,-0.31772962,-0.20802823,0.4439785,0.39775795,-0.008058389,-0.41020626,-0.29227483,0.214165,-0.14521469,-0.27285308,0.5392351,0.20757785,0.34872276,-0.25624838,0.19145082,0.0895536,-0.42222208,0.2046829,-0.16879396,0.6282817,0.2244483,0.22820547,0.18584332,-0.4641215,-0.47582564,-0.2811164,0.25219724,0.15154526,0.39750794,0.04160976,0.31773642,0.09745683,-0.16412657,0.39910826,-0.6343354,-0.61199224,-0.7899669,0.09082652,0.14821796,-0.04848186,-0.4866132,-0.3261223,-0.2184979,-0.21601832,-0.21053727,-0.13424058,0.07830946,-0.4024489,0.00421051,0.039413106,-0.0012290016,0.06318575,0.15902123,-0.35943377,-0.06832118,-0.031405635,-0.18700823,0.49137887,0.46863562,-0.721638,-0.30475444,0.128168,-0.2748788,-0.25654906,-0.765329,-0.1592348,-0.5103539,-0.03512008,0.05495541,-0.26652008,0.2368776,0.32673854,0.38094002,0.4752079,-0.09969326,-0.09917296,-0.24197969,-0.3269587,-0.3915487,-0.2606347,-0.29942283,-0.18621045,0.644096,-0.38023913,0.8456928,-0.024043048,0.04879253,0.08079451,0.0769319,-0.10105723,-0.15810756,-0.0064338045,-0.22236605,0.06480035,-0.15235063,0.14005782,0.028755033,-0.62092113,-0.3223683,-0.045723457,-0.6850119,-0.36562946,0.30951303,-0.7794415,0.2629142,0.28423777,-0.039969254,0.14385,-0.23305504,-0.5609261,-0.35542765,-0.37650096,0.16122219,0.2232488,0.562144,-0.39664394,0.04868122,-0.12888023,0.7007094,0.12596658,-0.3358675,-0.27053404,0.3308973,0.12566611,0.5200733,0.6152595,0.25377744,0.3332948,0.5816305,-0.3065899,0.07833518,0.3303772,-0.23648378,-0.15557107,-0.3761174,0.32162595,0.4831776,-0.22115557,-0.22666791,-0.2938208,-0.447488,-0.29646054,0.4553392,-0.20761852,0.37590107,1.0049002,-0.0569698,0.059217967,0.083420314,-0.21182354,-0.21773794,0.22623806,0.04269703,0.020894727,-0.09096423,0.21973956,0.21870916,0.1502959,-0.13321702,0.23962796,-0.13757786,-0.4060909,0.21477199,0.45185104,0.0839193,-0.09241794,0.27920774,-0.21314299,0.105184294,-0.36938772,0.22270942,0.2731103,0.810079,-0.039296992,-0.24524407,-0.13091801,-0.15463877,0.05945043,-0.068430535,0.41716844,0.41769725,0.43238193,0.28123963,0.26086077,0.24684203,0.035903953,-0.50342524,0.19869116,0.27653882,-0.067166865,-0.060100507,-0.35436592,0.14522715,0.19268155,0.06346905,0.14611517,0.14573637,0.046424646,-0.070852265,-0.4134903,-0.00838711,-0.3763606,-0.08511783,-0.17398569,-0.27761468,-0.57008916,0.25983682,0.30713192,-0.6780521,-0.18840191,-0.16521135,0.36113927,-0.2948231,-0.15924701,0.22645447,0.037513293,-0.37739024,8.141995e-06,-0.107845105,-0.045029663,-0.3454134,0.10446372,-0.09781561,0.14539087,-0.26950058,0.13875136,-0.3459744,-0.058701534,0.08033906,-0.052062094,0.2807236,-0.7913159,0.010776001,-0.11808938,0.4729547,-0.075094335,0.29661798,-0.2909841,0.07059139,0.3888319,-0.14996873,-0.0015844584,0.0016142831,0.11074028,-0.3831101,-0.08826182,0.088479936,-0.032254614,-0.5357944,-0.42770177,0.13638204,-0.107425734,-0.33129275,-0.36572796,0.3047475,0.34690672,0.03107726,-0.08444276,-0.38776237,0.0004801672,-0.17137837,0.054754764,0.014778617,-0.30094805,0.40999097,-0.24265006,-0.03230989,-0.14894989,-0.2013417,0.28711796,0.036720272,-0.59175575,-0.07057229,-0.08824851,-0.113067225,0.01349321,-0.3585196,0.45020002,0.254479,0.32822636,-0.6400648,-0.18123265,0.0139340665
0.5543333,0.017777858,0.4481215,0.27161038,0.38879722,-0.022854231,0.008175298,0.858963,-0.14926024,-0.5530129,0.013055817,0.13193497,0.061797395,0.22299305,-0.26413378,0.79327536,-0.69902194,0.7399592,-0.11162833,0.31739542,-0.14968504,0.13017271,0.12213272,-0.15414013,0.4063667,-0.077514365,0.041487683,-0.21305424,-0.43273962,-0.21051763,0.25180757,0.4407492,0.5748092,-0.0070758695,0.07182853,-0.34820637,-0.30646273,-0.21122298,-0.23549542,0.30694908,-0.4873735,-0.15294826,0.40864313,-0.0816039,-0.05477035,0.23141271,0.13994752,-0.22941276,0.043077275,-0.17490906,-0.5684969,0.14429879,0.16358143,-0.33320463,0.25016794,0.32204282,-0.016191658,-0.28509825,-0.30559805,0.13704468,-0.42518353,0.00951562,-0.00012648007,0.023281394,-0.38652647,-0.16431639,0.2723529,0.36873698,-0.73080796,-0.25296247,0.31428272,-0.24794838,-0.2629837,0.042189293,0.025622008,0.11407832,-0.29759634,0.29466727,0.09212153,0.12693469,-0.07078694,0.59573287,0.2541014,0.26122177,0.48789954,0.12237032,-0.104597,0.0028598018,-0.59125024,0.42467603,0.024384854,0.5391736,0.34734476,-0.015834065,0.28254178,-0.8114828,-0.5086043,-0.3875737,-0.12196107,0.69782066,0.695169,-0.75745684,-0.14182344,-0.5458182,-0.21062961,0.10784262,-0.71408427,-0.097520135,0.18936898,-0.039736487,0.09957696,0.2826985,-0.08318649,-0.56734663,-0.12007308,0.07423535,-0.114412375,0.4362022,-0.017522894,-0.3905979,-0.283495,0.37481594,-0.048103787,0.14962633,0.34853965,-0.031992942,0.24496467,-0.5873542,0.1372221,0.058656204,0.28399938,0.34667,0.3039489,-0.2826024,0.05971992,-0.15693581,0.1604959,0.28587517,0.22241499,-0.3150457,-0.028499864,0.045317456,-0.057029147,0.35894117,0.35060063,0.0138603775,0.008751102,-0.26592776,-0.17383707,0.6526972,-0.23976734,-0.06719772,-0.52834415,-0.045450605,-0.030114641,-0.3660638,-0.17473195,0.17547783,0.3046408,0.0026511904,-0.059605643,-0.25139436,-0.15604012,0.14471093,-0.19143577,-0.11711754,-0.01388548,0.41830912,-0.25902614,0.07170297,0.0062734955,-0.42489865,-0.03744915,0.08616076,0.4855397,0.68299097,0.07877328,-0.31539553,0.021081373,0.71854615,-0.4111263,0.19044945,0.6610116,-0.2080081,-0.031192916,0.10214751,0.38156253,-0.08934975,0.39332503,0.2664862,-0.8836176,0.09021779,0.37570205,-0.1825325,0.28830594,-0.33643258,-0.22719957,-0.18177718,0.27145296,-0.19819932,0.23717907,0.37513396,-0.06772929,-0.159276,-0.75019425,0.3298002,-0.29978502,-0.2843314,-0.36573446,0.013192585,-0.2774657,0.13557613,-0.009494477,0.23762585,-0.31346357,-0.006665758,0.18787672,-0.24696684,0.11206934,0.17580305,-0.14277725,-0.29265648,-0.1406514,-0.17641416,-0.35135737,0.946071,-0.117724225,-0.41412506,0.2101958,-0.19852264,-0.08859201,-0.20803766,0.08893501,-0.06691487,0.8238024,0.24804537,-0.33740842,-0.65122086,0.009908862,0.12901716,-0.3445628,0.08849645,0.20421022,0.11937156,-0.16644312,0.40135053,-0.13153449,0.04919902,0.34797332,-0.27605984,-0.26685098,-0.2317661,-0.014198227,-0.3372811,0.096267365,-0.38795662,0.029541288,0.3494581,-0.4221606,0.2953657,0.20718406,0.2336765,-0.14937441,-0.18658838,0.21097355,-0.33967838,0.22495738,0.20158286,0.25655344,0.43628204,-0.11947744,0.21794458,-0.16247642,0.6677185,0.08269478,-0.33721927,0.41711953,0.052213937,0.117853016,-0.30102238,0.14909765,0.35302842,-0.27541068,0.08284944,-0.098111875,-0.24150439,0.46952647,0.18934107,-0.609856,0.04298649,-0.18268806,-0.09149871,-0.24776515,-0.23887348,0.8418141,0.18144585,-0.13583933,0.0042412314,-0.6269089,-0.18161237,0.16073962,-0.13419783,0.19712065,0.3711778,0.12851702,-0.0065651275,-0.38975814,-0.656205,-8.504724,-0.29463276,-0.35308766,-0.20249815,-0.08680007,-0.4172213,0.3735347,0.018717533,-0.103701025,-0.08731252,-0.08868282,-0.35638744,0.2194553,-0.39327657,-0.18467905,0.12770201,0.39588806,0.33300936,-0.3414309,0.5830152,-0.20350477,-0.20125261,0.4068216,0.24626775,0.6814322,0.37877175,0.21727283,-0.23258686,-0.09063114,-0.021337928,0.009650848,0.009862371,-0.10620449,0.9420917,-0.017965782,-0.099656284,0.12151916,-0.498104,-0.07982391,-0.32110736,0.31335214,-0.34243965,-0.32806775,-0.2097123,0.75039065,-0.69801295,-0.2249547,0.3675533,0.12141763,0.23537035,-0.14127474,0.24391356,0.04893701,-0.6950359,-0.21348494,0.3852189,0.013855377,1.097284,-0.01064581,-0.34758133,0.3272873,-0.09576781,-0.12920132,-0.09169752,-0.42681596,-0.35017383,-0.5638743,-0.39059275,-0.28688625,-0.014270888,-0.2011101,0.2799748,0.023362251,-1.3314122,-0.075317584,-0.013426158,0.20212387,0.25717673,-0.491161,-0.026215509,-1.113549,-0.072735995,0.12252199,-0.086002305,-0.29257584,-0.33080792,-0.2213348,-0.22749785,-0.3557802,0.54474443,-0.020482395,-0.16848248,0.2741203,-0.0955927,0.09277729,-0.5499924,0.43654874,-0.42872697,-0.1617711,0.30029005,0.32020324,0.09770731,0.41315743,-0.3608447,-0.22493534,0.230008,-0.24559629,-0.051540244,-0.17324692,-0.2829004,-0.12600034,0.06581636,-0.43117344,0.05593911,-0.40961453,-0.06766092,0.12987149,0.11622136,-0.36358413,-0.3256895,-0.36754784,0.24267195,-0.53756666,-0.5340744,0.1508051,-0.106779724,0.24328566,-0.04336371,-0.5965414,-0.54508764,-0.341565,-0.28466192,-0.3582588,-0.13703723,-0.17495632,-0.16262768,0.23609743,-0.34957343,-0.098686464,0.33769917,0.45520222,0.49020374,0.13772176,0.05502166,0.13588771,-0.058509875,2.0202995e-05,0.47286025,-0.2308518,0.38297454,-0.44890448,-0.4734601,0.10364504,-0.0012515594,0.07196333,-0.2439099,0.49458614,-0.32135445,-0.29540908,-0.76188904,0.24885075,0.06772137,-0.22172092,0.23813093,0.46624717,-0.023386536,0.061150163,-0.114185676,-0.24097477,-0.2256468,-0.09717884,0.66124725,0.33517444,0.017187042,0.3685769,0.55948675,0.34087428,-0.22053094,0.13739315,0.06234556,0.061013892,0.029604672,-0.11520688,-0.5697889,0.18202999,-0.14432988,0.14552958,0.12848604,0.1266685,0.28198624,-0.926021,0.481461,-0.15699369,-0.6084396,0.2516174,-0.6883947,0.39886323,-0.40586576,0.02249665,0.76939255,-0.44919473,-0.1039189,-0.74146456,0.0031675277,-0.41027617,0.68117243,-0.0065802108,0.25385594,0.23299946,0.4989698,-0.24598008,-0.529939,-0.42875886,-0.2518796,0.08917995,-0.08490797,-0.10036093,-0.46538848,-0.52908456,0.07353288,-0.2075283,-0.14054546,0.28211668,0.0026133703,-0.13947836,0.18672247,0.049772225,-0.027642054,-0.040985323,0.12999439,-0.1479082,-1.4064744,0.30124795,0.10429229,0.16164085,0.23574756,-0.42437086,0.10374301,-0.35704997,-0.12729219,-0.3632563,-0.49479038,-0.36156762,-0.5528941,-0.3505185,0.412885,-0.6172957,0.059418634,-0.19278306,0.021334535,0.4536326,-0.30252588,-0.19412132,-0.61250156,-0.39795643,-0.5456815,-0.32966727,0.14916286,0.0029993334,0.2660178,-0.23578358,0.048364744,0.17746967,0.2476367,0.16943638,0.23752779,-0.06397702,-0.023397122,-0.108408734,-0.59835,0.13544995,0.07191884,0.039608184,0.1146695,-0.1703541,-0.15245867,-0.43270206,-0.2257271,-0.1561591,-0.1865768,-0.47234958,-0.207353,0.1053724,-0.213958,0.27513334,-0.15173294,-0.27362263,0.24964827,-0.4674493,0.39446124,0.07728951,0.43660465,-0.18442656,0.06822526,-0.090582274,0.71085566,0.79599935,-0.32714418,0.16700532,0.2838806,-0.17030434,-0.15313815,0.6119911,0.14403075,0.12996571,0.18611439,0.105860084,-0.40467575,-0.087823845,-0.24680975,-0.7586705,-0.4563111,0.71410805,0.56822187,-0.017025521,-0.49071202,-0.29184064,-0.054769088,-0.55913067,-0.029865792,-0.27732158,0.17292751,0.5590758,-0.14712134,-0.27770156,0.4195,0.00833488,-0.3026266,0.30161658,-0.010050392,-0.64128417,0.09630207,-0.28030676,0.091965064,0.011819377,-0.21981429,0.10443421,-0.21674901,-0.3281804,0.4025304,0.30390504,0.050859246,0.0829515,0.48651958,0.12298074,0.035374336,-0.42510253,-0.048468824,0.41675422,0.10945668,0.3257235,-0.18264817,0.05014195,0.32014167,0.28196517,-0.016148055,-0.0038633954,-0.28708565,0.055693876,0.66356504,0.4070271,0.58661747,-0.15831612,-0.38738316,-0.063604176,0.059088763,0.3419267,0.020771852,0.19866072,0.3604921,0.35817352,-0.09033498,0.38833225,-0.03531406,-0.26149446,0.4392387,-0.25272903,-0.060297433,-0.4200854,-0.22190598,-0.5613022,-0.27336812,-0.6814487,0.12903889,0.07204576,-0.28023565,0.12937492,-0.3880805,0.043594785,-0.23376997,0.16314794,0.062342986,-0.16988727,0.30338088,-0.036749072,-0.16561425,0.20065764,0.43742278,0.1848299,0.13366786,0.13862781,-0.5406715,-0.0017447401,0.22566026,0.33244723,0.29571244,-0.03533788,0.05064119,-0.84765536,-0.12571645,0.22542924,0.38046622,0.020853424,0.053808056,-0.092564784,0.41882664,0.48726642,-0.5075304,-0.3643306,-0.37736508,-0.027403621,-0.019900514,-0.15699953,-0.19714335,0.38879812,-0.10291124,-0.21840377,0.124594085,-0.23391668,0.2904126,0.16974917,0.34828216,0.37163118,-0.06375637,-0.58461964,-0.24375877,0.19572873,-0.22772679,-0.039342646,0.44458297,0.08156033,0.15491681,-0.37440684,-0.026167417,-0.17494851,0.01672724,0.42812657,-0.24834864,-0.50695163,-0.50028706,-0.0356351,-0.30862662,-0.26169318,-0.11322046,0.16388176,0.17422548,-0.34842214,-0.6904423,0.16150129,-0.066016756
-0.07265486,-0.47281322,-0.28650218,0.16512245,0.45548907,-0.35020688,-0.2617602,0.77155983,0.46502852,0.51506484,0.36479187,-0.41510552,0.18988216,0.05831253,-0.68332154,0.107164174,-0.16715084,-0.055898324,0.03249078,0.26781216,-0.1036141,-0.0929453,-0.55735284,0.2530831,0.22612941,0.15155204,0.29148853,0.124014005,-0.4681179,-0.011042217,0.5451393,0.52209973,0.3848854,-0.27183494,-0.20053357,-0.40291688,-0.21617816,0.1459335,-0.012019405,0.31986573,-0.11908978,-0.14884035,0.53393245,-0.39662734,-0.10562448,0.23576261,0.014618976,-0.020973407,-0.009567813,-0.10636436,-0.21836922,-0.21151154,0.06402105,-0.30508688,-0.13018663,0.62301254,0.37559092,-0.7829775,0.36202326,0.33923376,0.0006034864,0.16078617,-0.12418008,-0.2145246,0.115397386,0.09347827,-0.19386761,0.27746642,-0.26475075,0.2606726,0.017839275,-0.17480543,0.6257165,-0.2047091,0.06882591,-0.018575402,0.4284557,0.110327445,-0.25554395,-0.019657081,-0.18655941,0.5981885,0.11570961,0.17724076,0.24531925,0.6296612,-0.7083227,-0.53203696,0.11986602,0.4606493,-0.3521867,-0.093375504,0.10133985,0.052191857,0.7824999,-0.21497385,-0.39804992,-0.18857178,0.20189047,0.24990053,-0.1935061,-0.5940224,-0.036839634,0.7249494,-0.18649203,-0.22898649,-0.14629851,0.05033556,-0.00833077,-0.10793772,0.0042078593,0.07728747,0.10035508,-0.29425085,-0.60562676,0.4397733,-0.043771245,0.13308236,0.1999158,-0.045607615,-0.67150503,0.32111207,0.12515847,0.019745834,0.047829013,0.46160376,-0.035161655,-0.10188161,0.06625142,-0.113006145,0.5083551,0.51318383,0.5187233,-0.15501021,0.00019675746,-0.04131813,0.39560962,-0.17266092,-0.43449214,-0.2362436,-0.05285392,0.1703278,0.1435625,0.1848719,-0.023369616,-0.2122552,0.044389706,0.07162015,0.08164368,-0.0882712,-0.26746547,0.22140673,-0.5348266,0.25091827,0.22983953,0.13237904,-0.45055497,-0.21091059,0.14889419,0.67741674,0.43812358,-0.29635453,-0.33203748,0.50829935,0.11444184,-0.15311565,-0.3810282,0.28980199,-0.7279194,0.18282107,0.045610256,-0.16050263,0.07179722,0.12281667,0.24392277,-0.13077074,0.13822891,0.13317078,0.8382053,0.59654146,-0.48796386,-0.35445687,0.58310366,0.14497226,0.10401144,0.39078864,0.03419346,0.040357858,0.2765376,0.03411514,-0.10914731,-0.030074535,0.21941341,-0.3314554,0.24222706,0.12581722,-0.16361475,-0.3524675,0.12980741,0.39172757,0.0050756163,0.3753654,0.28134218,-0.17660101,0.11302012,0.37536743,-0.09515425,0.036347482,-0.1419966,0.02447245,-0.043171454,0.830397,-0.53550565,0.24858128,0.2684281,0.28109407,-0.04725013,-0.23490368,0.10347999,-0.26874217,0.18772024,-0.27319127,-0.17201473,0.12574273,-0.24238731,0.8939321,0.27928695,0.19785392,0.34080356,-0.21956551,-0.23203534,-0.07843456,0.29363593,0.015342209,0.07759808,0.02435848,-0.328405,-0.21745948,0.09531931,0.19920059,-0.49149966,0.62440974,-0.038484383,0.6523178,0.103859484,0.024081288,0.06638553,-0.18021548,-0.0030389382,-0.3018908,0.11231267,-0.4710122,-0.5208775,-0.5959784,-0.11401679,-0.049613114,-0.31628978,0.08604805,-0.038779866,-0.38678455,0.12301032,0.4785077,-0.42261425,-0.19716501,0.07094387,-0.3713989,0.1896208,0.029834399,-0.017761698,0.05456556,-0.111453764,-0.16332704,0.56216437,0.1910318,-0.39670438,-0.45685777,-0.20254989,0.21631409,0.20531191,-0.062485136,0.107792825,0.46257347,-0.33588052,0.17289579,0.018511854,-0.02440759,0.035111323,0.27126458,-0.1307611,-0.2492022,0.43967018,0.116511196,-0.3301849,-0.0896229,0.61659807,-0.07315063,-0.13375665,0.09022559,-0.46967724,-0.10685108,0.103661336,-0.22475448,-0.36926642,0.07326559,-0.041836005,-0.32751215,-0.2348404,-0.41520312,-9.816905,-0.16523278,0.21517792,0.4159825,0.11204124,-0.2903467,-0.4605108,-0.19811267,-0.45634988,0.049223103,-0.07641531,0.0131578455,0.020790236,-0.14878918,0.106591165,-0.47207972,-0.09255406,-0.051943544,0.050214577,0.2211198,-0.39028934,0.30169553,0.3158834,0.0435863,0.2491825,0.02133704,-0.6343405,0.29497486,0.27183378,-0.22351673,0.020734305,0.16528687,-0.2698356,0.77342486,-0.082790345,0.14487047,0.102935426,-0.27724206,0.052344985,0.08397527,0.1160574,-0.5632877,-0.15557417,0.16876113,0.353558,-0.25772694,0.54692155,-0.31965217,0.35706437,-0.23854773,-0.19675256,-0.3154003,-0.13919987,0.09384793,-0.30044323,-0.19347914,-0.1102148,0.8451006,-0.18719482,-0.8096747,0.2901456,-0.36827418,-0.34213334,-0.1557286,0.048176404,-0.19409779,-0.4446761,-0.45455834,0.1306273,0.41812852,-0.25556564,0.39269477,-0.2484122,-1.6285247,0.1877962,0.19883221,-0.2801779,0.27106327,-0.19610578,0.020808723,-0.49888393,-0.1407527,0.093652725,-0.34186187,-0.26255533,-0.17819493,-0.038375698,-0.6855008,-0.28618985,-0.12809938,0.49856102,0.48172164,-0.3502271,0.4279733,0.65646833,-0.12038875,0.13550268,-0.26288402,-0.1121744,0.1482137,-0.119635895,0.17020327,0.09963063,0.223751,-0.07254336,0.08274355,-0.1300582,0.4787433,0.1560616,0.36548606,-0.2672585,0.05823534,0.20532027,0.5555397,-0.5501274,0.0699401,0.5403033,0.004708154,-0.060401507,-0.52271456,-0.22890659,0.017168462,-0.0061206603,-0.42036065,-0.11645517,-0.18515047,-0.010101142,-0.07551908,-0.26169112,0.19159955,-0.29021862,-0.27175465,-0.3454857,0.38846624,0.18226242,-0.44878742,-0.30152652,0.034763638,0.18809366,-0.058446325,-0.424499,0.020942653,0.8664241,0.0346586,0.30196792,0.15649961,0.2614213,0.075253256,-0.4410793,0.13557348,-0.7550346,-1.0205278,0.22192872,0.21572249,0.13129994,0.25697994,0.35008416,-0.1276865,0.0730635,-0.6139351,-0.030731576,0.08488601,0.01567106,0.35413352,0.28309628,-0.13683555,-0.14102314,-0.0012911165,-0.256255,-0.2729869,-0.29634267,0.28651825,0.015293999,-0.12935248,0.21028323,0.42397013,-0.057825092,-0.17851175,-0.07266582,0.51518023,0.13579465,-0.04291039,0.2666973,-0.5580023,0.4439637,-0.17562608,0.3342305,0.3745892,-0.34086448,0.4214155,-0.6255737,-0.016254365,-0.07471175,-0.24683505,-0.42306066,-0.77784276,0.057907738,-0.20721392,-0.2365021,0.16030413,-0.18670243,0.47483766,-0.2206004,-0.1344904,-0.34766278,-0.064370304,0.039416034,-0.091680504,0.3778203,-0.14882712,-0.025402164,-0.10327235,-0.7558769,-0.74565333,-0.24650882,0.0068025864,-0.53615427,-0.3831064,-0.60941327,-0.014999862,-0.33220813,0.14386843,-0.3016994,0.05107309,-0.21264799,-0.20740187,0.32338446,-0.49469584,-0.18214968,-0.27923676,0.22336921,-1.1258134,0.27068576,-0.47145572,-0.0977223,-0.16361101,0.01476854,0.5162091,0.32648477,-0.47422194,-0.20709762,-0.3889809,-0.29054886,0.25586328,0.13782954,-0.35463318,0.17379944,-0.059442814,0.15374164,-0.28647113,0.14203557,-0.15121622,-0.16328418,-0.09623681,-0.020878058,-0.54454833,-0.12983365,-0.3246411,-0.029052885,0.43616298,-0.42032444,0.059362546,-0.32585162,0.25741357,-0.45979074,-0.14272287,0.008115354,0.1600788,0.11346605,0.0057145073,0.15574542,-0.536324,0.46412763,0.035803743,-0.19374357,-0.43474793,-0.46650714,-0.6962877,-0.035296217,0.0037119354,-0.3362097,0.17147955,0.08552251,0.019357411,0.29921684,0.02960043,-0.23600703,0.3499319,-0.29139614,0.5297929,-0.11516267,0.30352718,-0.13073903,0.06451077,0.182913,0.2883087,0.32915646,-0.7061364,0.4155916,0.088931896,-0.046715356,-0.40279692,0.49455288,0.03924825,0.12708817,0.2831541,-0.16260882,-0.037317466,0.33903775,0.051483914,0.0712407,-0.4392434,0.36018384,0.3528658,0.26757523,-0.22042817,0.028445229,-0.4650818,-0.7689802,0.06418442,0.35244808,0.020563018,0.6229806,-0.240713,0.08410432,0.14668392,-0.08666506,-0.73737735,0.07149836,0.07500466,0.03103789,0.2786126,-0.49445152,-0.041428052,-0.17676619,-0.17526478,0.55326635,-0.24292916,0.24755117,0.3257102,-0.47721922,-0.21514076,0.13953865,0.12213096,0.100627705,-0.2227348,-0.13377072,0.3224948,0.8131213,0.12571849,-0.29972938,0.209504,0.113296926,-0.14851175,0.32492715,0.18337175,0.2889902,0.08772226,0.033069827,0.6589833,0.4408613,-0.06267686,-0.07827713,-0.2808418,0.25393006,0.43935335,0.29439077,-0.123835124,0.00870572,-0.12592965,0.28105178,-0.27722132,0.37057984,0.277367,-0.19812126,0.19653477,0.18782121,0.3860519,-0.4743707,0.025980692,0.18818814,-0.18591791,-0.5652464,-0.14093941,0.34256354,-0.16834994,0.15033247,-0.081782304,0.11479226,-0.05769448,-0.8388523,-0.13231415,0.05683599,-0.40246063,0.042867552,-0.2862231,0.08514136,0.11095804,-0.066950254,0.026587855,0.15038133,-0.582802,-0.18554996,0.23390454,-0.41572598,0.055618837,-0.33653736,0.7123928,-0.46235496,0.016482478,0.6181971,0.5918109,-0.03740152,-0.27111942,0.0076109036,0.0012866986,0.19325088,-0.6038664,-0.5529271,0.09288874,-0.6455355,-0.32396165,-0.24340658,-0.039347276,-0.09377058,0.2095286,-0.37414673,0.10753122,-0.18918598,-0.034403134,0.04066547,0.5856013,-0.080591,0.005846183,-0.2379529,-0.28215566,-0.46480542,-0.14424302,0.12664804,0.27195057,-0.14427501,-0.09427162,-0.37865734,-0.73323905,0.1021487,0.20980918,0.2440524,-0.23058558,-0.052697044,-0.46400395,-0.5746683,-0.10650487,-0.28233632,-0.01832336,-0.202586,0.36834392,-0.40381116,-0.57758415,0.035694204,0.28087047
0.42929688,0.073332064,0.44155225,0.102131516,0.47413257,-0.018043818,-0.2852137,0.6386519,0.31466758,-0.34440657,-0.14793918,-0.14432368,0.039272234,-0.3262092,-0.25889203,0.48040354,-0.29617584,0.52627337,-0.0032911457,0.2811712,0.08954814,-0.036589213,-0.08572687,0.14734301,0.3999138,0.2142387,-0.090552405,-0.10864769,-0.35158503,-0.09690335,0.296103,-0.026907163,0.37001115,0.13263892,0.40066397,-0.1279165,0.060704045,-0.322975,-0.46136725,0.51555836,-0.4764463,-0.12965232,0.06874888,0.07363087,0.056499436,0.16952047,0.10791223,-0.2163133,-0.05740581,-0.28974015,-0.16928563,0.32853794,0.014866688,-0.4748181,0.5414034,0.32303673,0.28334996,-0.4959636,-0.32839376,0.26480916,-0.11690726,-0.3922454,0.11098825,-0.14813416,-0.005548985,-0.18550341,0.28328583,0.28283986,-0.59362334,-0.0031637615,0.238973,-0.028494628,0.1259404,-0.22687513,-0.11829854,0.22659501,-0.08030138,0.1920265,0.1665264,0.032782454,-0.3152635,0.44671285,-0.03480514,-0.066577874,0.2858034,0.06056138,-0.021564493,0.1395156,-0.0557728,0.3292276,-0.33758637,0.2485224,-0.11940798,-0.072198756,0.48201674,-0.5171246,-0.14652601,-0.059430037,-0.33509514,0.27500007,0.52239245,-0.49713883,0.024293412,-0.20526305,-0.2072441,0.018463869,-0.52610767,0.06295745,0.07834886,-0.06820419,-0.08590487,0.28439912,0.12206719,-0.49253792,-0.25281283,0.19520949,-0.13577756,-0.03169161,0.11934464,0.22305998,-0.056013223,0.013631694,0.0036462652,-0.10787953,0.5751726,-0.14924923,0.29809144,-0.3331071,-0.12429275,-0.13157023,0.37963367,0.06838441,0.2902521,-0.36344483,0.18840185,0.35168093,0.18438095,0.268934,-0.00848172,-0.18745837,0.17028064,0.4842599,0.4416651,0.46764663,0.4056033,0.005815071,-0.09069817,-0.34885147,0.12408946,-0.02763372,-0.35502622,0.09172549,-0.20099169,0.047539968,-0.5588359,-0.42334247,0.22814041,-0.043107174,0.23007752,-0.29738805,0.22222799,-0.26177922,-0.071633585,0.037980907,-0.23564565,-0.28721833,0.04809274,0.5019562,-0.16529766,0.13656682,-0.0373968,-0.322303,0.38311887,-0.026908575,0.3920903,-0.042060424,0.010042713,-0.27233112,0.19540685,0.391336,-0.5097825,0.17911606,0.53663325,-0.23776339,-0.23791973,0.4863529,0.23909461,-0.17286736,0.4130291,0.5152296,-0.5958049,0.12325593,-0.26486582,-0.0424084,0.09977638,-0.462031,-0.12038842,-0.117444016,0.3376151,-0.36743763,0.07496271,0.14913073,-0.16728982,-0.22979319,-0.24402231,0.08378132,-0.37712333,-0.072367355,-0.29611668,0.17611907,-0.3042923,0.4001803,0.13902642,0.08554679,-0.31298602,-0.089165285,0.07118137,-0.38339198,0.03323219,0.33526802,-0.36525506,0.115230106,-0.4491448,0.09808537,-0.2920778,0.89317995,0.15821138,-0.5379425,0.45458823,0.08822937,-0.109222785,-0.060500488,-0.20704737,0.20404,0.35277164,0.2034857,-0.36654434,-0.55926204,0.26939443,0.35779962,-0.38329184,-0.08720741,0.47373202,-0.10019064,-0.21783017,0.522556,-0.30395827,-0.18328662,0.17833422,-0.27187222,-0.21103047,-0.21517058,-0.15768039,-0.4435885,0.1827943,-0.42827034,-0.24864449,-0.24704048,-0.28481978,0.120096885,-0.071916215,0.1849798,0.11067387,-0.07748014,-0.08029863,-0.25451383,0.09596272,-0.11857957,0.28496772,0.27059704,-0.14036453,0.07196993,-0.09621789,0.6306572,0.025846567,-0.06216056,0.28448954,0.14432105,0.15352961,-0.018531432,0.21440056,0.23120014,-0.3746493,0.17374454,-0.3348815,-0.5175183,0.2693801,0.31279507,-0.13138367,-0.33396274,-0.11404581,0.064913966,-0.13033637,-0.31838757,0.72772986,0.16159971,0.003591144,0.24289253,-0.5079925,-0.47326922,-0.048156366,-0.15388137,0.16427769,0.49183276,0.4608489,-0.008924685,-0.5111006,-0.9102157,-8.641828,-0.42088327,-0.16656826,-0.025401039,0.020823501,0.00094254495,-0.0921982,0.08130448,-0.18494181,0.04508889,-0.33944815,-0.5693273,0.060118765,0.064732626,-0.17114794,0.19060482,0.5375215,0.13162991,-0.15012543,0.22998093,-0.26110741,-0.19997783,0.40074414,-0.030810796,0.104066335,0.7650582,-0.033049017,-0.27403575,0.0031184333,0.01183596,-0.21137083,0.0022877222,-0.3529872,1.0504099,-0.14224838,0.32882392,-0.35554236,-0.19125034,0.31848592,0.17411219,0.22614545,-0.23906052,-0.49004087,0.09680557,0.7529882,-0.49168992,0.24212809,0.20108166,0.07319399,0.1288956,-0.36386716,0.39574203,0.06889701,-0.13514565,0.002029109,0.4530896,-0.04040447,0.7776345,0.041360058,-0.35406917,0.22239025,-0.45004153,-0.22603913,0.07124098,-0.3806211,-0.5647451,-0.58841723,-0.6363618,-0.06733479,0.18073629,-0.5790847,0.3093369,-0.118266895,-1.51767,-0.098339155,-0.0637588,0.22936028,-0.09241813,-0.49550012,-0.009613092,-0.4490683,-0.35008386,0.13092329,-0.27009037,-0.36755466,-0.74366814,-0.26396495,-0.19643581,-0.43810576,-0.11532302,0.24817492,-0.045491744,0.48854896,0.098253824,0.1818884,0.08089943,0.6346866,-0.46857116,-0.14793472,-0.05201084,0.23535237,-0.04126605,0.32853112,-0.16687945,-0.16518278,-0.2597774,-0.07763491,0.051133018,-0.14849742,-0.12690532,0.023134725,-0.20677122,0.26549548,0.0032271326,-0.1914514,-0.19197315,0.022563787,0.008855849,-0.26538876,-0.4480671,-0.2940105,0.19814105,-0.21494098,-0.6316214,-0.0069359457,-0.35893112,0.13473308,0.025572648,-0.39552698,-0.20352322,-0.19284993,-0.108529545,-0.34472248,-0.10211669,-0.46088502,-0.17328289,0.1366926,-0.38292626,0.11766707,0.5749708,-0.13061869,0.46739316,-0.152124,-0.031275533,-0.05666223,-0.065910205,0.062861055,0.4364006,-0.12230028,0.020189535,-0.6475694,-0.18515605,0.2509531,-0.041905183,-0.39225346,-0.13424654,0.36241826,-0.08376076,0.11750365,-0.3199375,0.22632685,0.18775629,-0.01596185,0.25331393,-0.2712642,0.18083116,-0.022515306,0.04265395,-0.17457198,0.3143346,0.03128292,0.35279232,0.30712375,0.16003416,0.19194475,0.48014045,0.14734893,-0.2007137,0.047898587,-0.114796,-0.053748228,-0.055360876,-0.20260605,-0.2041707,0.6227937,0.103745095,0.15429606,0.19434242,-0.089455426,0.15567355,-0.46558833,0.41004616,0.23342243,0.03168555,0.05311061,-0.7414452,0.3568614,-0.1150414,0.10386918,0.45446846,-0.25422975,-0.37489805,-0.7290571,0.0018149185,-0.2991699,0.1161884,0.066847324,0.20367369,0.23645467,0.2003544,-0.01672622,-0.4367004,-0.36318138,-0.05402676,0.112821065,-0.1839406,-0.11939757,-0.5942724,-0.7210002,-0.30507022,0.069105476,-0.05104918,0.47335204,-0.20231484,0.11898636,0.08170207,0.21510103,0.049296394,-0.057011094,-0.26585534,0.06681615,-1.3558825,-0.1511333,-0.115052484,0.038723372,-0.063092,-0.22834383,-0.68573534,-0.26163065,-0.23989847,-0.42330262,-0.4092657,0.090797864,-0.69262594,-0.18205482,0.24094072,-0.48252624,0.11913769,-0.4045493,0.16554303,0.28799006,-0.27673405,-0.075639315,-0.40748647,-0.2567558,-0.32963946,-0.6044677,-0.022708695,-0.1843471,0.44222412,-0.14230001,0.14667414,0.27080172,0.5138469,0.09576528,-0.028675972,0.04125495,0.13598572,0.11042965,-0.49332732,0.16823564,-0.05332654,0.08054893,-0.027349072,0.06415826,0.039920665,-0.3528307,-0.24380186,-0.2617932,-0.042609747,-0.19527094,0.35855755,0.25075984,-0.3103611,-0.37036306,-0.15924847,-0.35096437,0.03593937,-0.4597705,0.048758216,0.056567743,0.00060002325,-0.019470548,-0.11655154,0.270716,0.6350429,0.61767024,-0.20842572,0.19864845,0.28504443,-0.119790666,0.19307667,0.5464055,0.028304417,-0.12754287,0.0063756253,0.038305193,-0.16957094,0.03158428,-0.16683283,-0.31009662,-0.28564966,0.4772132,0.37454063,0.17071882,-0.019169753,-0.56960565,0.001261768,-0.47994965,0.28019968,-0.09702072,0.2261148,0.69771004,-0.064220555,-0.18557028,0.33823812,-0.17539245,0.034574334,0.39839658,-0.21080133,-0.23932058,0.37058273,-0.16632223,-0.242615,-0.20128736,-0.29882768,0.05264398,-0.09171063,-0.1854,0.2594901,0.16758727,0.24415512,0.07175218,0.218724,0.29384804,0.13295151,-0.119239,-0.22829534,0.6326321,0.4870245,0.320963,0.20988028,-0.22527458,0.1909645,0.034515683,0.20071495,0.17882538,0.17957053,0.4000354,0.6592794,0.099992335,0.35748783,-0.14277682,-0.035717096,0.24486813,0.052178837,0.35758647,-0.23069005,0.1550458,0.09460722,0.6427959,0.07158339,0.33932933,-0.05497503,-0.13668719,0.51292914,-0.34772146,0.2281996,-0.20909527,-0.11744088,0.1215452,-0.5126481,-0.47033504,0.121851295,0.15334709,-0.5861822,-0.053596288,-0.59071004,0.32556778,-0.28795275,-0.24518135,-0.17862554,-0.39083153,0.062229525,-0.07736962,0.0016096234,0.28258538,0.14469336,0.28238449,0.044154864,-0.2077442,-0.2564201,-0.20834114,0.26825473,0.15590788,0.055819754,0.134383,0.45524517,-0.3882122,-0.08604607,0.03074063,0.31912333,-0.013509746,0.19012623,0.28991923,0.24858841,-0.23239076,-0.5927093,-0.036161903,-0.034310117,0.06226982,-0.25956723,-0.051850136,-0.14077559,-0.33923104,-0.4988941,-0.0040073274,0.015966482,-0.26003936,-0.07668009,-0.28829736,0.13741513,0.083961114,0.22716272,-0.2130841,-0.12940535,0.1535915,-0.406649,-0.21132647,0.19879872,0.044957772,0.09424108,-0.24865688,-0.41915646,-0.015261017,0.7066071,0.53359354,-0.26964265,-0.43268958,-0.1330073,-0.11333964,-0.16938293,-0.25990927,-0.032415234,-0.09753019,-0.07622089,-0.45405415,-0.60438573,0.23559995,0.026476545
0.7899777,-0.33071724,0.50952923,0.40797824,0.38154492,-0.40619862,-0.15950835,0.6546513,0.10014265,0.12824915,0.41110092,-0.07247196,0.16286974,-0.15427789,-0.23175353,-0.01890499,0.11519144,0.16861229,-0.1475574,0.45496514,-0.021807153,0.15552291,0.051512904,0.06543356,0.20692109,0.2229675,0.022960622,0.2567018,-0.68048364,-0.17313397,0.31935275,0.0710673,0.31925,-0.1294201,0.33234093,-0.5484379,-0.46453595,-0.29005408,-0.10319601,0.1842451,-0.14360201,0.0103904,-0.04861011,0.20762423,-0.2690686,0.3414624,0.14300922,-0.52707773,-0.239522,-0.14675026,-0.015980126,0.08730014,-0.14336468,-0.37292674,0.2872285,0.26212975,0.2600506,-0.8244048,-0.18775567,0.006164441,-0.08054096,-0.20936225,-0.20983523,-0.13210306,-0.10928143,-0.5117561,0.44950917,-0.03289684,-0.19752485,-0.01719464,0.26736248,-0.042496294,0.018214526,-0.013905871,-0.14427365,0.045503806,-0.09717233,0.118909046,-0.22900446,-0.031992454,-0.0032613866,0.5516496,0.048582982,0.057453517,-0.13813579,0.032468364,0.08207164,0.020014666,-0.08152162,0.55726266,-0.25835612,0.32247505,0.056635775,0.28754643,0.15888089,-0.61237985,-0.19981758,0.03373986,-0.194679,0.18971111,0.7845785,-0.5545609,-0.2775978,-0.18475042,-0.0033169794,-0.33384228,-0.5953419,-0.05088942,-0.21898079,-0.21308297,0.0036663827,-0.044947196,0.09202592,-0.4427022,-0.06511512,-0.0402448,0.061169367,0.045089398,0.10511678,-0.064021766,0.115167506,0.08799696,-0.15442759,-0.115036145,-0.046160903,-0.70050865,0.2557376,0.039831445,0.39035496,-0.36203942,0.23436621,0.33582214,0.13005415,-0.25900292,0.07650361,0.2013805,0.34825352,-0.100978516,0.37053788,-0.56112367,-0.15845145,0.065282196,0.053906392,0.57217795,-0.002361126,-0.35913837,0.18964817,-0.22830637,0.00828642,0.10366451,-0.26207,0.17292573,-0.32824937,-0.20815387,-0.07686527,-0.2812754,-0.12712666,-0.24252848,0.124098465,0.34628883,0.18103836,-0.23299293,-0.13193303,-0.21481666,-0.021418154,-0.063336655,0.19884042,0.14144702,-0.03484413,0.055605944,0.0026664678,0.13836613,0.3705203,-0.048995312,0.66826737,0.032754257,-0.09758487,0.54139876,0.3137206,0.56469285,-0.42586067,-0.18861695,0.57716906,0.06687938,0.075988844,-0.12077421,-0.26346394,-0.20724869,0.40164128,-0.153798,-0.33098075,-0.20963903,0.08087817,-0.38816687,-0.06033734,-0.61158544,0.062298317,-0.12689753,-0.16588229,-0.03844461,-0.21809185,0.4421227,-0.08088295,-0.046273403,-0.10836946,0.5566008,0.0066571487,0.12206797,-0.3212362,-0.21955183,0.06267748,0.17627396,-0.30242494,-0.1731252,-0.18815863,0.013973906,-0.2985667,-0.17095982,-0.33390206,0.23278762,0.16289157,-0.0036392198,-0.3007426,0.2890862,-0.22876877,0.71251184,0.2482385,-0.3576063,0.39803,0.17287222,-0.19284676,-0.1854193,-0.31267816,0.066420406,0.3903269,0.11160287,-0.44219008,-0.4733274,0.22501156,0.20107324,-0.2155183,0.07501876,0.21851236,0.42020953,-0.096064426,0.57086855,-0.1211224,-0.3833194,-0.553307,-0.14844689,0.3337792,-0.15087532,-0.567976,-0.5113338,0.035493992,-0.3005475,-0.35177097,0.41339394,-0.30832157,-0.47520104,0.26928508,-0.11704114,0.1684284,0.011807294,0.04835991,-0.22276992,0.1531064,0.09626838,-0.046562955,0.10074707,0.362078,-0.10493703,0.10650756,0.6750001,-0.12966728,-0.36471117,0.18072824,0.05957612,-0.608251,-0.28153577,0.2721055,0.57585925,-0.09075854,0.09188519,-0.35870188,-0.26038876,0.23070586,0.48378265,-0.06152856,-0.5193903,-0.23582153,0.375687,-0.21471348,-0.25721914,0.420877,-0.22559552,0.10024207,0.29438013,-0.043563385,-0.40404412,0.20666134,-0.4735254,0.47551364,0.2838418,0.18477033,-0.15285009,-0.09920946,-0.1473535,-9.145614,0.013333938,-0.09778143,0.09104204,0.22943762,-0.03668399,-0.05104698,0.07486018,-0.25669885,-0.041240074,-0.0919855,-0.33912578,0.09874449,-0.04986155,-0.2035953,-0.21024872,0.4446948,-0.08667972,0.08803896,0.31821826,-0.0074783834,-0.3364519,0.23931178,0.17615978,0.12592718,0.61099863,0.077799864,0.035445243,-0.053772382,0.112106584,-0.20148425,-0.029799817,0.17551373,0.85833144,0.17841664,-0.1091816,-0.42557225,-0.17394155,0.005685494,0.08866258,-0.27080926,-0.056489836,-0.23533773,0.09292983,0.8138166,-0.33092767,0.064929724,0.027977416,0.37663954,-0.11577198,0.21495797,-0.116141155,-0.22088447,0.077436894,-0.0006187668,0.10414911,0.15746282,0.8031944,0.06431237,-0.35160074,0.21140663,-0.36051065,-0.16180126,0.20863512,-0.1772535,-0.11514384,-0.6966266,-0.37325338,0.29504168,0.33610496,-0.30912653,0.11950475,-0.116030954,-1.7988788,-0.0053735296,0.097046524,0.011892786,0.60958546,-0.1418678,-0.0037303683,-0.00055535155,0.0045147855,0.19664755,-0.23036128,-0.37387577,-0.48615104,-0.24022223,0.13029866,-0.39540136,0.16752468,0.001223414,0.17554039,0.5527971,-0.06327004,0.09391501,0.042819127,0.48734722,-0.6273677,-0.5235063,-0.03980484,-0.0073338724,-0.347376,-0.04112968,-0.4695174,-0.12074209,-0.16584417,-0.0042118756,0.20108967,-0.38457048,0.01088418,0.06616343,0.17002174,0.24888915,-0.45636827,0.10896615,-0.34212875,0.21780424,-0.1212112,-0.12148509,-0.54708225,0.09045073,0.14040872,-0.11640556,-0.7761957,-0.12891382,0.1264895,0.09607028,0.07244922,-0.20740631,-0.102482945,0.046539653,-0.024390245,-0.47761428,-0.18052757,-0.4609656,-0.17381777,-0.10854139,-0.1054211,-0.29345563,0.29020935,0.2729865,0.2938815,0.07618008,0.11528149,-0.34142864,-0.010313996,0.028896904,0.12341582,0.13077764,0.35329714,-0.61588335,-0.2423526,0.19411112,-0.27494904,-0.11613908,0.37197953,0.541418,-0.45567322,0.140217,-0.49774554,0.2173004,-0.1964294,0.026795423,0.16416365,0.07732615,0.021608531,-0.10791382,-0.0942072,0.07331628,0.15916288,-0.29035103,-0.073209904,0.26038337,0.018917253,0.40244713,-0.04588578,0.4916588,-0.5095581,0.10577818,-0.11903818,-0.2339455,-0.33120415,-0.094785884,-0.48512694,0.5297361,0.103879586,0.2935847,0.18860641,-0.23315492,0.062355403,-0.0965323,0.37390357,-0.102879964,-0.40798476,-0.091114685,-0.6919433,0.52565783,0.22153662,-0.31265244,0.8365514,-0.17605753,-0.62539446,-0.73799294,-0.099496186,-0.1724123,0.14289802,-0.017882481,0.34940287,-0.034959417,0.23969562,-0.5555035,-0.116655104,-0.24808875,-0.25093606,0.30352858,-0.04097266,-0.24850929,-0.35290188,-0.6472923,0.1803213,0.115209885,-0.12235221,-0.24516548,0.034025308,-0.16396418,-0.1353824,-0.0115332175,-0.16222818,-0.34192634,0.044983283,0.035862945,-1.636433,0.046747666,-0.2225659,-0.047910877,0.059955195,0.09554421,0.12609462,0.057342682,-0.23435223,-0.34678432,-0.32722592,0.09795024,-0.46928093,-0.22136986,0.07334576,0.0076871733,0.2985421,-0.06424212,0.039501842,0.34224942,0.04013395,-0.25970128,0.10156082,-0.15902986,-0.42687634,-0.2820736,-0.1675547,-0.04291529,0.25342968,-0.39821598,-0.20708628,0.4683071,-0.054187287,0.1339831,0.20011078,-0.11336448,0.26566908,0.2801569,-0.3928363,0.19296652,-0.3092519,-0.037605427,-0.22409149,0.09766748,-0.46856922,-0.7905379,-0.7861187,-0.2828043,-0.37770993,-0.17883034,-0.21314739,0.13759607,0.24850422,0.011926995,0.0032534036,-0.29562768,0.24383485,-0.40799892,0.34433034,0.576002,0.4598199,0.0118692275,-0.13145387,-0.11732934,0.23721777,0.5769743,-0.27826175,-0.026973113,0.2231093,0.3218012,-0.11032999,0.08499724,0.20354511,0.009748354,-0.0449142,-0.19908792,0.24606542,-0.16618308,-0.17353489,0.3870765,-0.2162751,0.48974857,0.30502358,-0.110144965,-0.17645374,-0.79260087,-0.08981422,-0.436637,0.0067175077,0.017825907,0.32208303,0.27031794,-0.26376474,-0.09701419,0.41722453,-0.1752182,-0.1451799,0.34933117,0.12971726,-0.46137998,0.1136637,-0.1355549,0.12957355,0.025629587,0.13950448,0.004244195,-0.20290253,0.19409311,-0.14638093,0.00612667,-0.04602275,0.11078119,0.3768135,0.10291581,-0.25869456,-0.16062412,0.12486961,0.7678509,0.7250911,-0.36430636,-0.24924421,0.13115734,-0.25833908,0.43522796,0.0036511496,0.06680492,0.30140913,0.35950306,0.38283822,0.56564605,-0.019436829,-0.28769612,-0.43920282,-0.0916999,-0.0033775887,0.43094647,0.3263157,0.13567525,0.022999858,0.2726681,0.22210872,0.5700546,0.098135225,0.25363892,0.37899116,-0.1180498,0.09243217,-0.036348198,0.25041834,0.06727303,0.08932533,-0.5242499,-0.060819115,-0.25225016,-0.28504264,-0.03269649,-0.315752,0.38028973,-0.65100896,-0.36939502,-0.055704135,-0.111754745,0.09301928,0.171168,-0.22291116,0.05498884,-0.25451577,0.15167855,-0.08007517,-0.20747156,-0.10348021,-0.016886853,0.6367853,-0.27398106,0.19769493,-0.06385681,0.44209644,-0.3255266,-0.07868597,0.3766679,0.9559487,-0.11414786,0.050687198,0.27298415,-0.09270406,-0.16395769,-0.21131371,-0.14884622,-0.33764508,0.087242976,-0.43716925,-0.11431855,-0.34981373,0.042364072,0.21785288,-0.1381287,-0.25741792,0.14114636,0.16164103,-0.29065508,-0.02498344,0.27048096,0.1134521,-0.051402956,-0.25240368,-0.018521005,-0.46020257,0.015977912,0.041882988,-0.092532866,0.067574084,0.103074595,-0.3332412,0.4353609,0.48408222,0.26097894,-0.112547666,-0.54333705,-0.09291626,-0.46370766,-0.03491118,0.4195874,0.12729932,0.0921564,0.03917609,-0.32347262,-0.58824265,0.39127705,-0.16252361
0.5896252,-0.06816839,0.5519653,-0.0327332,0.48576134,-0.26946348,-0.01913863,0.15908986,-0.3611279,0.1343359,-0.0154057285,-0.45223537,0.10642133,0.5027623,-0.03029231,0.3879285,0.18516804,0.42629498,-0.03347537,0.19623508,0.18723553,0.19072127,-0.2011025,0.3381687,0.35581812,-0.25569406,-0.034465883,0.06569129,-0.11944323,-0.24815595,0.3986571,0.23509832,0.07249405,-0.0051013194,0.02960124,-0.56748414,-0.40614945,-0.70757145,-0.35087302,0.009988825,-0.49972132,-0.11291412,0.30651104,0.2941949,-0.4169195,-0.023401929,-0.2367306,-0.5701702,0.16215774,-0.46354675,-0.08635221,0.092149876,-0.33430743,-0.17072858,-0.08275194,0.6706379,0.075216606,-0.6595329,0.18639633,0.2583216,-0.091115385,-0.02830042,-0.035884246,-0.03690773,0.21146463,0.061614443,0.14921804,0.26732054,-0.6303474,-0.03160668,0.10149592,-0.090926625,0.17824055,0.2389321,-0.40449107,0.10344205,-0.012044134,0.5106315,0.11778547,-0.055233624,-0.21280143,0.42516187,-0.11765042,0.045051575,0.44926557,0.395811,-0.29512492,-0.2381332,0.041533086,0.6762446,-0.18963704,-0.03540307,-0.028506622,-0.010951084,0.69345826,-0.5670121,-0.5170445,-0.31051797,-0.042994034,-0.08795628,-0.041208994,-0.36080718,-0.024692312,-0.028505558,-0.09108734,-0.10169421,-0.3191822,0.17379963,0.11965976,-0.15726642,-0.028317066,0.068786055,-0.11542172,-0.27868974,-0.19956934,0.18732186,0.10479661,0.04542362,0.16970623,-0.16837175,0.08747725,-0.008397306,0.18998227,0.26047716,0.35437956,0.1224317,0.31143686,-0.14968668,0.23548321,-0.18101187,0.5883642,0.52414864,0.4608705,-0.3687812,-0.09842553,0.09610275,0.103133485,-0.07626673,0.22032066,-0.15679456,-0.3471539,0.22011268,0.058193196,0.26598498,0.21983095,-0.07980792,0.044808447,0.19258286,-0.2631846,-0.06956177,-0.19237101,0.10692059,-0.54775023,-0.097756095,0.20986252,-0.32272294,-0.011117922,-0.14660196,0.40335765,0.29881716,-0.00248617,-0.025045408,-0.20913368,0.20336808,0.10258932,-0.1990371,0.4674483,0.5079307,-0.2207047,0.022269947,-0.20641688,-0.29381457,0.46683422,-0.062931426,0.42511126,0.47186,0.164568,-0.13181154,0.39261726,0.56809646,-0.3782969,0.023998225,0.5173028,0.018128792,0.083377704,-0.19856699,0.6672656,0.1268883,0.25996882,0.11643538,-0.052432265,0.26143476,0.44191933,-0.47697207,-0.026819972,-0.40848726,0.03734661,-0.18491481,0.012205363,0.020814335,0.07248159,0.44188258,0.14807165,-0.1263229,-0.13474055,0.5214003,0.033535868,-0.19213194,-0.5543947,-0.28800893,-0.23104616,0.29445696,-0.030479804,-0.20189951,-0.16755264,0.13444309,0.15862541,0.015355323,-0.14880486,0.1711859,0.0950462,0.09071889,-0.82343996,0.09298259,-0.53463554,0.49808195,-0.07215185,-0.45316434,0.49546182,-0.0123680895,-0.2192628,-0.17220658,0.24652778,-0.1973985,-0.17692883,-0.22234745,-0.0051204846,-0.2540473,-0.10156925,0.23057064,-0.32101706,0.28915167,0.19404915,0.25952694,-0.36868706,0.765634,-0.15205774,-0.48220628,-0.1247079,-0.07604451,-0.5772493,-0.59502304,-0.40114936,-0.22183147,-0.31775644,-0.38837656,-0.10301703,0.522561,-0.03296343,-0.06555677,0.2739749,0.01025669,0.3156197,-0.022950977,0.2568076,-0.19854146,0.068607375,0.0504481,0.44260222,0.322551,-0.16081959,-0.3337513,0.21425046,0.53197217,-0.08225121,-0.5749115,-0.07131763,-0.06363368,0.15611179,-0.3929472,0.028515285,0.045163386,-0.2675244,-0.16621292,-0.36061946,-0.2092688,0.29110318,0.023427218,0.18723962,-0.23886941,-0.38800913,0.085118875,-0.27168113,-0.43124053,0.566602,-0.22716439,-0.14148878,0.051361904,-0.4128956,-0.35325742,-0.23625627,0.21878272,0.14782195,0.16588154,0.08217646,-0.20970188,-0.023126528,-0.022712024,-9.047073,-0.42990458,-0.15955351,-0.08459869,0.39152583,-0.4059007,-0.40986365,0.050550148,-0.39129335,0.093870334,0.14161217,0.12780531,0.068707086,-0.37294427,-0.16170627,-0.116776966,0.2973794,-0.13697556,0.009706985,0.21506613,-0.19040065,-0.15986612,0.29360938,0.18258719,0.22441982,0.1341041,0.06856865,-0.055656478,-0.08538458,-0.05768429,-0.2215277,0.034034252,0.04841696,0.74227417,0.19628489,-0.03831039,0.08424842,-0.21950626,-0.006590717,0.18054484,0.33551335,-0.16674241,-0.047216684,0.32640868,0.39119634,-0.6115005,0.15471263,0.1783492,-0.0515033,-0.32358176,-0.17854394,-0.33665255,-0.17709765,-0.40618008,0.18025623,-0.23637933,-0.042306557,1.0361708,0.22826742,-0.5110866,0.27950698,-0.23888122,-0.27344978,0.20949335,-0.08874816,-0.01810974,-1.0322399,-0.41530877,0.039497066,-0.08589126,-0.22958161,0.10480838,-0.013951446,-1.9227489,-0.089173645,-0.06889556,0.02590164,0.2528231,0.33528462,0.03475262,-0.75558525,-0.4767239,0.2611951,0.07583541,-0.43652445,-0.7684531,-0.43124765,-0.29132295,0.10523545,-0.06606622,0.018605685,-0.02446326,0.27822763,0.31837657,0.1624041,-0.20271763,0.30077893,-0.16330464,0.12279699,0.18141639,0.2080128,-0.10841657,0.21561939,0.28233397,-0.10724715,-0.23449671,-0.29449326,0.06697743,0.007465212,-0.14465864,-0.029921092,-0.04951419,-0.14515376,-0.13326874,-0.2470274,-0.2353121,0.44997722,0.38780794,-0.18689516,-0.27832022,-0.41387472,-0.054259382,-0.14075881,-0.4200857,-0.014290782,0.1087939,-0.08392587,0.34714568,-0.5880236,-0.21639402,-0.07683314,-0.18479559,-0.23088247,-0.40186134,0.045785498,-0.03984265,-0.13299088,0.014817167,-0.64722294,0.24470563,0.18756042,0.13499923,-0.033198074,0.11380502,-0.20843488,-0.18804197,0.15552318,0.31022888,0.19597426,0.44034994,-0.67523307,-0.4676841,0.23073511,-0.3847502,0.30532244,0.33597854,0.52386487,-0.38293543,-0.027668187,-0.2794443,0.24452038,-0.32912195,0.32483554,0.28513515,0.19003285,0.107854426,0.28620288,0.14488375,-0.008836132,0.23769002,-0.2077816,0.16549075,0.05068675,0.10690104,0.043822233,0.20627217,0.3212279,-0.10449791,-0.15346225,0.25425062,-0.11239769,0.0122755645,-0.24718659,-0.23871256,0.23118022,-0.17243421,0.14622788,-0.11691026,-0.024207367,-0.082705155,-0.7344153,0.8650975,-0.0022925665,-0.44321272,-0.2665785,-0.91655964,0.24152718,0.04260947,0.10621003,0.16874069,-0.11691465,-0.097466506,-0.33518147,0.2997538,-0.05927028,0.22455148,-0.24619605,0.35426363,0.39459124,-0.18309224,0.057492852,-0.30742487,0.1600045,-0.038049623,-0.33485052,0.11785097,-0.3474417,-0.52241087,-0.45197502,0.07489804,-0.040222846,-0.12866127,0.26979494,0.2694598,-0.29683194,0.06273168,0.38735786,0.01975702,-0.21717064,0.25376156,0.2767041,-1.0738662,0.3814873,0.18817928,-0.33862394,0.19223104,-0.012426162,-0.2658905,-0.034268882,-0.12291488,-0.10748069,-0.62214357,-0.27297285,-0.21040261,0.040106628,0.09221594,0.120073974,0.35424334,0.093802534,-0.14511319,0.16469546,-0.038356416,0.07593278,-0.036017455,-0.07014268,-0.5619832,0.13393484,-0.10615517,-0.2597846,-0.10249013,-0.43118086,0.0865548,-0.12481642,-0.22946282,0.06972301,-0.08845501,-0.21251003,0.2638886,-0.19676693,0.021107797,-0.35829258,-0.43198672,0.028368667,-0.25904292,0.012635316,-0.24163951,-0.32457656,-0.44413596,-0.17414844,-0.1141762,-0.39328808,0.1953891,0.31219748,0.17259055,0.26852497,0.27682677,-0.08325473,-0.08533902,0.14218004,0.51458454,0.06966929,0.46464464,-0.4681415,0.41362765,-0.15656523,0.2823659,0.3383031,-0.08538649,0.019404408,0.056580316,-0.029593628,-0.36431903,0.3874603,0.3565571,-0.13228135,0.12956138,-0.17793724,0.31072417,-0.18261135,-0.24012166,-0.020131063,-0.05909776,0.33548015,0.44077674,-0.076401725,-0.3326437,-0.35137802,-0.32050958,-0.6429971,0.38542196,0.30218908,0.1434045,0.48850954,-0.0684506,0.01875803,0.2733244,-0.09293106,-0.09467556,0.40541252,0.1322756,-0.30500805,0.21318242,-0.37722978,0.637414,0.04042943,-0.42601988,0.011142937,-0.50461626,-0.16788083,0.30212715,-0.044047944,-0.11861244,-0.2351284,0.25072438,-0.10691698,-0.08240285,0.18134467,-0.16764519,0.20216866,0.02111052,-0.37940452,0.0998419,-0.1643806,-0.15485688,0.43680045,0.016965946,-0.09535547,0.21967928,-0.117229365,0.32040185,0.23601139,-0.024733905,0.015161721,-0.121104814,0.13736875,0.4015936,0.3960314,0.19671917,0.40781778,-0.16663055,0.33494514,-0.091613665,0.30269188,0.11274892,-0.30414653,-0.27602682,-0.2423255,-0.13939525,-0.36049443,-0.12648462,-0.32588568,0.14324705,-0.090449415,-0.027446078,-0.12153033,-0.33686548,0.011553434,-0.22071467,0.10799403,-0.23888442,-0.13835081,0.28586927,0.101085044,-0.0049071093,0.099854395,-0.31356072,0.067220114,-0.23789768,0.15822415,-0.097621635,-0.20964399,0.14515784,-0.2304405,0.11460755,-0.07450046,-0.050100967,-0.1289893,0.23207064,-0.24603729,-0.31209204,-0.025354411,0.2396001,-0.07372649,0.25856456,0.043074317,0.21635698,0.002969586,0.009364889,-0.16567329,0.076609194,-0.016662315,-0.3540008,-0.045660976,0.120170854,0.009969108,-0.46417588,-0.057992395,0.18521702,-0.12806264,0.023644892,-0.09470656,0.51364446,-0.07792829,-0.16489966,0.09743355,0.0317999,0.0035223486,-0.22348554,-0.03471524,0.27868637,-0.30252352,-0.06471096,0.0393722,-0.15380472,0.20238662,-0.112949796,0.19090511,-0.40985006,-0.42127138,-0.5188959,-0.1114992,-0.02896147,-0.052504096,-0.40065318,0.08435017,0.40947226,-0.25450292,-0.37460968,0.23232771,0.35372138
-0.2507484,-0.4217077,0.4119612,0.20442097,0.30294222,0.034778405,0.07295572,0.8092854,-0.29308262,-0.27535033,0.43732247,-0.42830563,-0.08161538,0.18907602,-0.35725036,0.06199013,0.04059625,0.29281244,0.013359832,0.21249542,0.35394642,0.14822951,-0.08712053,0.025404166,0.13723111,-0.022080727,0.1459588,0.098887675,-0.45298177,0.10933349,0.23223999,0.3976091,0.18835695,-0.37720013,0.033964615,-0.35111207,-0.30663297,-0.18657629,-0.3047404,0.21560164,-0.53195524,-0.24113691,0.13126148,0.07971063,-0.33412924,0.27998054,-0.06526465,-0.34596932,0.13976246,-0.22515045,-0.45680264,-0.17752483,-0.46464786,0.007690897,0.23404095,0.45922002,0.48953927,-0.5949583,-0.14631549,0.2432741,-0.15050127,-0.0927222,-0.22415404,-0.14594878,-0.0131986765,-0.4154336,0.21051809,0.20762646,-0.6571495,0.7000951,0.1539281,-0.029523762,0.09143238,0.119276255,-0.13216868,0.10635504,-0.15376365,0.32960916,-0.036152385,0.14643316,-0.23971546,0.46677062,-0.40099195,0.03857462,0.29950696,0.39454865,-0.0019901127,-0.12290829,-0.4094599,0.48510426,-0.01381332,-0.46786693,0.03679924,0.2942874,0.71027887,-0.3821109,-0.2529622,0.08206626,0.12041858,0.3144915,0.25125977,-0.8052914,-0.060023118,-0.044821512,0.09696297,-0.43996936,-0.40909225,0.32385936,-0.15985103,0.11762283,-0.07766852,0.39567742,0.10194009,0.24349841,-0.28501996,-0.04911953,-0.41112188,-0.17873845,0.28996745,0.38169307,-0.37189412,0.4189394,0.3632534,0.40203556,0.17158781,0.443622,-0.11917524,-0.32776615,0.26440406,0.08602654,0.30657798,0.593033,0.37336907,-0.1515099,0.027126566,-0.23569871,0.3475269,0.018628132,-0.548759,-0.37783822,-0.31661317,-0.097440794,0.2182799,-0.22306006,0.05855156,0.009753146,-0.1570824,-0.02119658,0.2394331,0.044862047,-0.59207547,0.13814121,-0.77729225,-0.039847445,-0.41206515,-0.2926859,-0.548238,-0.23249193,0.13643478,-0.00867186,0.25503805,-0.45556337,-0.45094773,0.18059331,0.38976657,-0.47916138,0.17916667,0.44132176,-0.23433428,0.38137543,-0.0081528295,-0.25093925,0.10636091,-0.031324673,0.73389876,-0.10266961,0.15555346,-0.14344755,-0.008318017,0.43936568,-0.41642085,0.50461483,0.16729707,0.10845347,0.23354644,0.2852657,0.8982345,0.008452439,0.4620261,-0.11322964,0.06716736,-0.1629673,0.07743306,-0.077788405,0.5179234,-0.20298071,-0.08443638,-0.32752094,-0.107220784,0.26029918,0.1063483,0.17665604,0.28335226,-0.3835688,-0.22193104,0.5043897,-0.35437325,-0.15643522,-0.25193238,0.5171778,-0.140699,0.7515485,-0.07830028,0.041511487,-0.06687918,0.54420847,-0.3143388,0.22982834,0.26964417,-0.053144205,-0.18458275,-0.29451078,-0.1798011,0.5840773,-0.37813023,1.0689002,0.05395292,-0.09705843,0.3329031,-0.04419874,-0.073954426,0.21863613,0.35367855,-0.38328552,-0.028495518,-0.32166412,0.09927635,-0.27932528,0.012315989,0.6476971,-0.53191745,0.63446116,0.32807273,-0.13458458,-0.26727843,-0.26968426,-0.69188774,-0.40828675,0.06428747,-0.42280492,-0.44472557,-0.31449503,-0.33703023,-0.455934,0.20750548,0.13436186,-0.17349684,-0.04464263,-0.48639518,-0.25175217,0.17900153,0.11418679,-0.464868,-0.07840273,-0.3267484,-0.21418715,-0.04035895,0.2037076,0.6503906,0.04173293,0.111014746,-0.57390636,0.03965873,0.43631372,0.15120381,-0.16012225,-0.025165096,0.5433284,-0.17100607,-0.32022828,0.024221197,0.60493886,-0.020139934,0.2113201,-0.12170648,-0.27353123,0.25923997,-0.09157921,0.0070575904,-0.4949085,-0.15659216,0.14741631,-0.270724,-0.3849173,0.7027223,0.2809268,0.13336664,-0.06819987,-0.34173828,-0.3891845,-0.0853578,-0.0341629,-0.09412909,0.34983462,-0.27657646,0.06517727,-0.5482429,-0.12120461,-11.452367,-0.26742095,-0.15325017,-0.17260659,0.16699506,0.049336098,0.084098585,-0.16292837,0.19018452,0.31419012,-0.14707832,-0.5700087,0.0056540053,0.27875102,-0.26010272,-0.11736763,0.040258523,0.1664411,-0.47899875,0.31574458,-0.15527456,-0.47480243,0.676817,-0.24641009,-0.23863901,0.32159978,0.14515457,-0.14054534,0.20305333,-0.37858686,0.10813858,0.07055625,-0.35753918,1.2338402,-0.048571944,0.15396318,0.16817686,0.14972281,0.6472433,-0.018632166,0.032969676,-0.050058097,-0.08220103,0.6016221,0.37770966,-0.42941684,0.24846958,0.19233784,0.087655954,0.2008413,-0.2926189,-0.4545994,-0.10443785,-0.14550954,0.21512848,0.15974586,0.4790904,1.052722,0.02098035,-0.7568886,-0.10653016,-0.45914826,-0.4939695,-0.5365689,-0.05112882,0.10523568,-0.45580113,-0.3414901,0.14541848,0.14980794,-0.41229257,-0.07491345,-0.10144301,-1.4350755,-0.012941549,0.5029056,-0.20367703,0.32745865,-0.6484812,-0.112722576,-0.46156737,-0.37339878,-0.34951723,0.19424286,-0.3984534,-0.42596653,-0.22456104,-0.33605817,-0.24271278,-0.20072624,0.3903032,-0.11314516,-0.036678847,0.40683627,0.009891295,0.00035045238,0.2988289,-0.5567016,-0.10579907,-0.45651206,0.18595053,0.10063617,-0.16033266,0.10292378,-0.13866825,-0.04690827,-0.16231146,-0.15509285,-0.31416434,0.001377781,-0.22557832,-0.62505525,-0.010628418,-0.1193252,-0.25683472,0.000653022,0.40307248,-0.10352151,-0.038533024,-0.48695496,-0.35401213,0.1728569,-0.045023985,-0.87730354,-0.43079856,-0.15523109,-0.31398898,0.12582052,-0.19605276,0.09899792,-0.2067433,-0.21496643,-0.22414957,0.19563526,-0.06923716,-0.5790302,-0.26890105,-0.18571065,0.34596038,-0.13069706,0.15487929,0.18639131,0.5662036,0.2535736,-0.20944443,-0.14832316,-0.07640769,-0.44855344,0.13197877,0.14686099,-0.72348285,-0.9471789,0.030238604,-0.123388164,0.0830916,0.41505092,0.227874,-0.25424653,-0.510253,-0.5863584,0.19264622,-0.2647478,0.15238108,0.59757274,-0.038706034,0.23727082,0.04545893,0.30410728,0.106826894,0.31331724,-0.03836472,0.3950976,-0.15725498,0.18266965,0.16625842,0.5253053,0.5909913,-0.09802497,-0.30031234,0.1820073,-0.30669716,-0.30912912,-0.12182908,0.19076794,0.72311074,-0.19462328,0.19161007,-0.060675573,0.31790507,0.41041115,-0.57102376,0.9829235,-0.2058095,-0.7831838,0.046150513,-0.744731,0.34811595,-0.27809587,0.034991972,0.16507187,-0.21994841,-0.15098685,-0.1816928,0.2193635,-0.24480468,0.0032293117,-0.42769745,0.5301325,0.4943325,0.34753743,0.035498522,-0.58909243,-0.07217638,-0.467721,-0.17190762,0.2009696,0.052064724,-0.25602478,-0.7406659,0.27520436,-0.28332555,-0.101932496,0.020022104,0.419101,-0.19891696,-0.23770235,0.47802362,-0.04312201,-0.06525186,0.25833732,-0.35268304,-1.3174767,0.5567553,0.3558865,-0.14249778,-0.48838994,-0.06899196,0.2635597,0.031356677,-0.342848,-0.10352097,-0.66404533,-0.45726424,-0.62135524,-0.21462679,-0.026177872,-0.21784918,0.3652868,-0.62317306,-0.018983081,0.5218574,-0.19938846,-0.1276008,-0.3016771,-0.060324553,-0.6902292,-0.26805604,0.26274416,-0.1610301,0.22549924,-0.6155143,0.30162495,0.3822302,-0.1199487,-0.105971806,0.3353321,0.3329507,-0.27678242,-0.18150336,-0.3733658,0.18157123,-0.18129899,0.13642015,0.23935078,0.13117619,-0.43636474,0.08743026,-0.25331587,0.11954773,-0.24946906,-0.23543759,0.05724818,-0.06532697,0.011928213,-0.3402303,-0.22143139,0.110643394,0.14245996,0.13002154,0.17759098,-0.008438205,0.37440208,-0.35637054,-0.02192183,0.31415644,0.27158946,0.4017119,-0.40967047,0.3154659,0.007561873,0.027200146,-0.28938445,0.7308892,0.2114016,0.04171026,0.40471703,0.24647193,-0.042478066,0.17930032,-0.10624387,-0.43406573,-0.20298763,0.5667015,0.48620453,0.16841164,-0.25501007,-0.095743835,-0.15012881,-0.27700967,0.44039494,-0.32383427,-0.025310272,0.49690887,-0.33455807,-0.07564164,0.35095242,-0.58509177,-0.13222283,0.06681123,0.18545568,0.10049248,0.2456253,-0.4221928,0.45830035,-0.12422004,-0.20621343,-0.2342319,-0.1586162,-0.44388583,0.15570875,-0.06061964,0.2683852,-0.03511285,0.3044898,-0.21187802,0.16868038,-0.35740745,-0.16221821,0.542247,0.51868004,0.25620487,0.19142,0.1678041,0.4668969,-0.025671644,-0.28217325,-0.14693949,0.15485677,-0.019314302,0.68628013,0.6089155,-0.12624827,-0.005430646,-0.22866924,0.1315334,0.22102672,0.3953801,0.10397077,0.13675493,-0.11705945,0.19743645,0.20806557,0.74051476,-0.12581259,-0.3483346,0.54474795,-0.35199845,0.121697515,-0.5667528,-0.013783272,-0.026486339,-0.21604396,-0.31105,0.18893437,-0.0814777,-0.32243907,-0.29799774,-0.05748538,0.18849497,-0.43624553,-0.34290993,-0.04692856,-0.2343773,-0.22869176,-0.053411104,-0.121443845,0.22942773,0.21888848,0.3802154,0.09981857,0.1558455,-0.22495677,0.3238266,-0.2778292,-0.33659312,0.2645888,-0.10355285,0.5145876,-0.4554641,-0.25557268,-0.019133499,0.2788713,-0.050450783,-0.33212277,-0.03134152,0.4797645,0.13540286,-0.47666588,-0.20276833,0.13822773,-0.40395775,-0.57712257,-0.31677482,-0.049437247,0.058707703,-0.53609544,0.115385145,0.27907294,-0.3114856,0.11848657,-0.3482697,0.3387315,0.3607585,-0.394711,-0.42296878,-0.09296778,-0.28227556,-0.16659266,-0.07243446,0.35779294,-0.3010226,-0.053573295,-0.24012731,0.25101063,0.02298895,0.13385239,0.3622077,-0.24718249,-0.1823986,-0.29523554,-0.222742,-0.08004244,0.23322459,0.22103666,0.29605773,0.42200458,-0.21005875,-0.78448457,0.65267533,0.2132757
0.41896018,0.21670626,0.34779838,-0.13004655,-0.019728448,0.15664099,0.111410424,0.8142172,-0.3607062,0.018347258,0.10279691,-0.2901074,0.12711383,0.08409535,0.08138303,0.15833153,0.12522785,0.4070175,-0.025546731,0.3545554,-0.020791776,0.11685543,-0.13491935,0.447523,0.3340762,0.15311274,-0.23928118,-0.3319554,-0.37233484,-0.45434272,0.7296949,0.30109155,0.1354253,-0.046453204,-0.30653068,-0.81685084,-0.33438691,-0.4902503,-0.07483563,0.39073804,-0.105906986,-0.13971283,-0.11538003,-0.2217269,-0.21998572,0.23507422,-0.31373975,-0.22019483,0.44714785,-0.49590942,-0.5170751,0.2596431,-0.012940446,0.042083975,0.18049969,0.5878217,0.16334191,-0.7169863,-0.03879458,0.07821512,-0.22790661,-0.12900242,-0.20315649,-0.3745248,-0.0346792,0.03131105,-0.10461727,0.13561249,-0.35540295,0.5061829,0.01917191,-0.09351205,0.018574607,-0.2846515,-0.1257242,0.52333903,-0.100077756,0.30405304,0.1491029,0.21378992,-0.3381328,0.7789163,0.21101856,0.38811028,0.7303817,0.5229221,-0.14917476,0.0105400765,0.11022203,0.07938761,0.20536564,-0.0093122255,-0.051734414,0.23860472,0.7072413,-0.47120273,-0.19793612,0.025069334,-0.48370126,0.43996248,0.2942281,-0.47917783,-0.109349824,-0.122995615,-0.18755078,0.33261326,-0.6072147,-0.030277198,0.022642707,0.10783421,-0.09733648,-0.098936684,-0.32135627,-0.5030698,-0.2100821,0.032817516,0.26670387,0.07110874,-0.18712567,0.0015660538,-0.04702146,0.23807023,-0.081518106,0.23328725,-0.23082313,-0.10929737,0.262845,-0.3366574,0.12391072,0.04491801,0.15104757,0.5158759,0.6366059,-0.37734625,0.1580204,-0.101601094,0.2848605,-0.08088562,0.060554612,-0.14019758,-0.053275727,0.18886408,0.30723253,0.29118845,0.16096133,-0.40481928,-0.18421368,-0.05832877,0.2559891,0.19018292,-0.3825719,0.15558396,-0.9207634,-0.50340176,-0.10303586,0.21153612,-0.4318673,-0.27229622,0.47694656,0.24825892,-0.10127378,-0.29510003,-0.17852698,0.14855307,0.12415807,0.08521953,-0.13262194,0.32890528,0.15260944,-0.0058774324,0.033646017,-0.26831985,0.0019002691,0.12516123,0.46229437,0.12939352,0.07054513,0.21568447,0.24290252,0.56520885,-0.3484158,0.05684924,0.25462463,-0.2788461,0.27005884,-0.3397886,0.30356118,-0.62269306,0.12851043,0.02305302,-0.70633227,0.024426376,0.24635974,-0.078840524,0.4045143,-0.51666266,-0.37548912,0.22146131,0.38182977,-0.21908604,0.112219185,-0.063367635,-0.05507988,-0.36002252,-0.7038902,0.20172109,0.16404732,-0.20300637,-0.632385,0.05400577,-0.036218204,0.82748216,-0.05183085,-0.10438247,-0.27067053,0.09036974,0.13434917,-0.2117269,-0.132029,0.32075986,0.3842862,-0.17857967,-0.6680261,0.35521677,-0.16798703,0.73032147,-0.028158247,-0.31775168,0.3673483,0.08172312,-0.28269088,-0.019890849,-0.07108589,-0.4278574,0.07034601,0.13375948,0.1383174,-0.6632959,-0.052184857,0.15295483,-0.14631702,0.3836093,0.2088268,0.1122499,-0.08296024,0.61299574,-0.24185391,-0.5505796,-0.29662967,0.056475595,-0.44218537,-0.42361924,-0.41185835,0.16318122,-0.021457529,-0.093800575,-0.124842875,-0.024367398,-0.17370178,0.26873675,0.3322977,0.2836168,0.2982632,0.33542806,0.003971861,-0.4462537,0.06882649,0.23328571,0.1488205,0.33194056,-0.17073745,-0.5240909,0.33622596,0.6889759,-0.11454752,-0.16537537,-0.23439175,-0.25502703,-0.03773076,-0.15101597,-0.022527082,0.47948048,-0.35314417,-0.0676006,-0.17871565,-0.2737806,0.5015641,-0.037075013,-0.32227606,0.02587756,-0.12610084,0.04998103,0.031084687,-0.49483576,0.7695444,0.16985452,0.6619019,0.10718959,-0.19959511,-0.14286298,-0.034915734,-0.212956,0.36037838,-0.06545986,-0.26077035,-0.03209156,0.04703691,-0.38632298,-9.745315,-0.27865914,0.10551936,-0.2205262,0.15110661,-0.2866118,0.19209428,-0.092943355,-0.15053496,0.05680057,0.019803785,0.28208634,0.27144095,-0.3119693,-0.42056915,-0.23666152,0.26808375,0.2747899,-0.26665598,0.18984804,-0.39050725,0.20982274,0.4738877,0.18855739,0.25102988,0.24092685,0.28788745,0.029111344,0.21776772,0.3213209,-0.06470162,-0.054237507,-0.119659394,1.2151983,-0.17092812,-0.13707106,-0.054856673,-0.5018651,-0.20865454,-0.063069664,0.33457237,-0.39414862,-0.23969015,-0.1320603,0.7430639,-0.8964128,0.084545024,0.2823273,0.35196427,0.10622179,-0.056203447,-0.42000082,-0.034192026,-0.027566405,0.06438331,-0.3580228,0.31281665,0.8910042,-0.25107872,-0.31581256,0.11585884,-0.23185815,-0.36147127,-0.47844017,0.25505227,-0.29572275,-0.98279667,-0.9226416,0.016172113,0.039017715,-0.117580034,0.3820223,0.4993305,-1.6864853,-0.16068135,-0.07988138,0.13233191,0.23929141,-0.00055309455,-0.3483495,-0.46075392,-0.076292135,-0.113551624,-0.3916068,-0.28348216,-0.5323816,-0.21907434,-0.177823,-0.19614945,0.14846553,0.36996633,0.12804976,0.32657436,0.23286377,0.2338215,0.3312565,0.5947723,-0.12507051,-0.14583093,-0.058206048,0.5403562,0.5263356,0.13807784,-0.37128904,0.17366616,-0.20431918,-0.3436999,0.27165815,0.059254028,-0.019949986,-0.3791494,-0.09373924,-0.20573407,-0.20768546,-0.6707973,-0.334926,0.11122488,0.025379477,-0.032814242,-0.42980614,-0.30001795,0.6406025,-0.030881787,-0.11503797,-0.32213622,0.092005305,-0.24734965,-0.08167641,-0.48694655,-0.4684823,-0.043776058,-0.2311297,0.2004284,0.25262535,-0.1589029,-0.25254953,-0.24322432,0.06631421,-0.031945273,0.3176506,0.21721579,0.26106012,0.30975744,0.009115166,0.3168143,0.10391736,0.03767423,-0.20134348,-0.14097953,0.11724997,-0.51305383,-0.7909714,-0.27244785,-0.11881911,0.26812533,0.0075796964,0.090553135,-0.14243992,-0.15293252,-0.14877273,0.3418006,-0.31112668,-0.14223848,0.35814115,0.20950808,-0.15888299,-0.2670922,0.21304226,0.20005551,-0.0095192995,-0.07672016,0.38316342,-0.041443534,-0.054781552,0.081047446,0.21447188,0.18176943,-0.21534926,-0.121624045,0.38889977,-0.3421677,-0.13476509,-0.06537814,-0.6263781,0.45354366,0.42134926,0.4895272,-0.11221833,0.061798345,0.25281334,-0.6435156,0.6777012,-0.10196248,-1.164369,-0.11286405,-0.77855664,0.6609715,-0.4677846,-0.07218867,0.00841735,-0.11747663,0.09588003,-0.6468407,0.2948552,-0.11576896,-0.09235043,0.08797076,0.76722103,0.21511568,0.29609695,-0.12988825,-0.45077422,-0.043688677,-0.31306663,0.010573392,-0.32125592,-0.38734466,-0.22568503,-0.3987088,0.14928164,-0.41634092,-0.066403516,0.046563756,0.1408491,-0.11654305,-0.06125604,-0.019775141,0.0648275,-0.25597456,-0.20202488,0.20411633,-1.1041572,0.36081216,-0.11326952,-0.56136996,-0.12564525,0.010892544,0.15540892,0.2581146,0.020990195,-0.4762704,-0.55145496,-0.72246176,0.104676194,-0.11964645,0.21315195,-0.46021348,-0.07941849,-0.71605235,-0.28725052,0.13882536,-0.034366705,-0.17447215,-0.20097136,-0.36429796,-0.79442424,-0.5171416,-0.22494604,-0.09890347,-0.1838046,0.009997269,0.0012969221,0.1483236,0.47297427,0.019705005,0.15637095,-0.16030182,0.4714965,-0.36117008,-0.2724969,-0.27311358,-0.215305,-0.065737575,0.38218766,-0.41533276,-0.16269726,-0.38547227,-0.045908228,0.05156126,-0.13035889,-0.14628907,-0.32501623,0.1918232,-0.13254589,0.48063993,-0.3035351,-0.0819199,0.4650921,0.10139899,0.326094,0.071165785,0.3897909,-0.033150714,-0.120531015,-0.06358812,0.047512818,0.27476865,0.07039117,0.042348344,-0.11179345,-0.06224828,-0.20387396,0.4657975,0.43539846,-0.17874755,0.02249201,0.0101866275,-0.44779256,0.020110289,-0.14421858,-0.5721187,-0.19742967,0.83573174,0.6328825,-0.15785033,-0.39209434,-0.07888938,-0.07203372,-0.15973611,0.1708816,-0.14783786,-0.0038717275,0.32633516,-0.24810772,-0.32182094,0.406551,-0.27081844,-0.1581267,0.12838988,0.18120398,-0.22263902,0.39513454,-0.5379562,0.17521845,0.10092966,-0.34292686,-0.10988972,-0.22800122,-0.30610532,0.14690155,-0.077015765,-0.19200045,0.1882255,0.45112696,-0.21787158,0.20880671,0.0717433,0.51052994,0.41929734,0.015984753,0.08218045,0.48252267,0.137222,0.073778205,-0.015940873,-0.022832738,0.4850854,-0.044697877,0.19602914,0.49860448,0.5221234,0.0319165,0.03963388,-0.6252961,0.2357691,0.45003003,0.43472606,-0.2636629,0.3239937,-0.069366835,-0.10241434,0.08744077,0.26649645,-0.2631615,-0.13490112,0.212475,-0.30395162,-0.37312308,-0.34683606,-0.26789522,0.06146866,0.14318413,-0.1566118,0.056163106,-0.30223215,-0.20158958,-0.2019096,-0.14674868,-0.03530068,-0.25157696,-0.07678285,0.074789815,0.33248454,-0.3273811,0.33565226,-0.015226013,0.17576472,0.18909521,0.5471702,0.14461899,-0.25372863,0.046722185,-0.2072465,0.6788199,-0.331212,0.32939336,-0.15992524,0.11534608,-0.31948936,-0.5774264,0.38842753,0.366128,-0.07291666,-0.07320576,-0.35979676,0.1596809,0.46346104,-0.3750701,-0.05048208,-0.30315232,-0.1115588,-0.083857484,0.19406568,0.07724815,0.31558874,-0.12977518,0.0014969341,-0.19295534,-0.20293055,-0.39286232,-0.5054475,0.1513648,0.2913861,0.0045908024,-0.38398916,-0.0519944,-0.030298956,0.0975678,-0.028340446,-0.29682586,-0.10848934,0.23397332,-0.07746231,-0.10390565,0.06206083,0.39831778,0.03633937,-0.3166782,-0.32663345,-0.6980868,-0.037665416,-0.44900578,0.09782739,-0.32603005,0.34293917,0.5386484,0.16760273,-0.11169148,0.1950184,0.16518703
0.05390969,-0.54424155,0.26625538,-0.09179039,0.15572812,-0.33598536,-0.22916651,1.0874878,-0.31688803,-0.29015756,-0.049690954,0.034371845,0.025824603,0.027737346,-0.4044035,0.7431688,0.19079435,0.077205114,0.064889304,0.103582576,0.3325015,-0.11042031,0.17323086,-0.19905935,0.12919429,-0.2588447,-0.44392458,0.17121986,-0.6696217,-0.02456174,0.04164838,0.34574562,-0.042029165,0.26710632,-0.30858517,0.024004469,-0.074378885,-0.09092485,-0.40879703,0.5214346,-0.5534024,-0.30573663,0.42845136,-0.04447673,-0.31735787,-0.20464507,0.046066172,0.09183203,0.24153702,-0.2936563,-0.055372007,0.23260538,-0.20076093,-0.3697762,-0.5262714,0.36421606,-0.10864784,-0.3503969,0.20177099,0.11800094,-0.30774328,-0.39882818,0.13264237,-0.32201514,0.24606726,-0.0148003725,-0.1546096,0.3490583,-0.23999783,0.36683014,0.038232487,0.05763907,0.1316006,0.0103649115,-0.078577936,-0.20937243,-0.34035194,0.79631776,-0.2392413,0.04743856,0.061756406,0.22987798,0.0658528,0.057016067,0.12888277,-0.056393787,-0.06837497,-0.0944778,-0.3401497,0.3025876,0.036353987,0.0025164182,0.0075194645,0.0992397,0.33717343,-0.12318684,-0.4479737,0.15662149,-0.22191009,-0.12023212,0.32182184,-0.30356973,0.43783405,0.21324296,-0.080386035,0.044207864,-0.27735835,-0.27792603,0.30844492,0.30985942,-0.26436567,0.12947366,0.2143859,-0.40923795,-0.08718245,0.2970488,-0.30002812,-0.38632455,0.1644023,0.04814909,-0.10384297,0.120276816,-0.0093464665,0.13518886,0.41155478,0.12790993,0.038025495,-0.4656155,0.19075987,-0.32911068,0.39675027,0.40116382,0.44751993,0.004950557,0.3521853,0.41842237,0.16252568,-0.40344933,-0.50788945,-0.044432588,-0.10263137,-0.12412504,0.030147478,0.3909378,0.40925926,0.23094754,-0.3569248,-0.28065124,0.19510269,-0.15378426,-0.23626086,-0.4198296,-0.08210264,0.32231322,-0.14021009,-0.646894,-0.07195834,-0.13176034,0.36950594,0.14175141,0.24166732,-0.051216114,0.05642179,0.11176046,0.27350554,-0.32119146,-0.00061360747,0.029893301,0.26048118,-0.12796135,0.42823234,0.247339,0.84903306,0.13622868,0.724976,0.17120765,0.013391787,0.012514968,-0.17341194,0.35820448,-0.53676605,-0.22201847,-0.39530095,0.15054867,0.2603894,0.63822424,0.61091244,-0.23635305,0.19593589,0.29843244,-0.13132565,-0.27613345,-0.60329413,-0.10054174,-0.05055769,-0.49543294,-0.027839731,-0.5263881,0.13239898,0.014174559,0.48253617,-0.3091923,-0.16723327,-0.0041174754,-0.056653373,0.347685,-0.16081332,-0.24289751,-0.22642252,0.6774453,-0.3806081,0.12201855,0.09657452,0.54923606,0.045513045,0.4004027,0.07045158,-0.8246945,-0.35810074,0.5073664,0.13922255,0.106190644,-0.109028645,0.32818183,-0.039580844,0.95644933,0.43516523,0.09005934,0.22560456,0.31810537,0.111304566,0.13792993,0.15423104,-0.01822041,-0.06537443,0.058232505,-0.34170574,-0.47371534,0.04943154,-0.07194913,0.27218997,0.06302125,0.8260385,0.28369817,-0.36712322,0.33933464,-0.06932857,-0.12058358,-0.017110785,-0.42656913,-0.62341905,-0.6173827,-0.24104322,-0.54511666,-0.116233505,0.0321113,-0.09008888,0.24521005,0.02093547,0.069040954,0.2561873,-0.026251193,-0.40746015,0.25813442,0.07006326,0.23183687,0.065446556,0.122643515,-0.01253015,-0.019135308,0.32990277,0.03226308,0.17490032,0.72867274,-0.058232807,-0.6009719,0.01665349,-0.10527084,0.10511472,-0.21283829,0.23517701,0.24456067,-0.475295,-0.1961612,-0.64994013,-0.32895032,0.4670061,0.34471852,-0.0070339115,-0.47293758,-0.3495446,-0.20535305,-0.0018413487,0.062134102,0.44610128,0.43958887,0.29331765,0.31010482,0.022837887,-0.7168441,0.4403123,-0.43985248,0.26870474,-0.18042402,-0.19829091,-0.7341299,-0.5508888,-0.01771403,-8.952373,-0.23640217,0.36215967,-0.4168521,-0.12794292,-0.42210034,-0.11438944,0.01106126,-0.05566284,-0.024301419,-0.2517625,-0.32992584,-0.16984951,-0.122644365,-0.07312062,-0.39128426,0.15345538,-0.4383429,0.029431049,0.25921708,0.07134906,-0.4333289,0.36832973,-0.25618577,-0.15162803,0.5571152,0.077725165,-0.1295567,0.10804367,0.21184294,-0.46565977,-0.06710081,0.5107448,0.9260762,-0.39971206,0.048346587,0.039243344,-0.012078138,0.20994073,-0.025729239,0.3217299,-0.1176628,0.12875678,0.10714227,1.0055258,-0.4433124,-0.337483,-0.29523617,0.32167658,-0.0065602474,-0.19022791,-0.41140226,-0.10803453,-0.15465955,-0.0935711,-0.096351035,0.012561647,0.8906349,0.19470885,-0.5409674,0.25870097,-0.14798397,-0.3019445,-0.119980685,0.10096246,0.07896398,-0.5719971,-0.26701206,-0.19280958,0.13167338,-0.1713529,0.29723513,-0.10641804,-1.2951653,-0.5804547,-0.3847964,0.20334136,0.14102736,-0.20939012,-0.5849661,-0.5980908,-0.78538084,0.27451706,-0.17070413,-0.14524285,-0.7533974,0.070134655,-0.6442728,-0.54300785,0.08257264,0.11176192,-0.26722404,0.0143249035,0.260838,-0.36926806,-0.0075206957,0.31206048,-0.5343448,0.27105147,-0.110162675,0.4021745,-0.09126837,0.20730689,-0.23297913,0.08383733,-0.06992564,-0.15282589,-0.15843888,0.21779113,0.09565871,0.025085233,-0.6163047,-0.08641478,-0.066121735,0.108414955,-0.076505125,0.47281986,0.32463083,-0.36557692,-0.291676,0.13920458,0.0951286,0.036702983,-0.20386545,-0.41598997,-0.43732607,-0.4589978,-0.30076012,-0.09400275,0.034698505,-0.1147936,-0.3790575,-0.0055047357,-0.01157311,0.20428124,0.15999521,0.11578553,-0.41201255,0.3083572,0.2737639,-0.04391989,0.3680404,0.19546366,-0.066669494,-0.09530416,-0.04108669,-0.056060757,-0.04698171,-0.024476942,0.037674885,-0.44743183,-0.37313432,-0.06484991,0.28096038,-0.21475942,0.14348242,0.47086594,-0.72641057,0.0011814566,-0.1100031,0.07992972,0.027878294,-0.011796631,0.60493803,-0.1456176,0.2189403,0.38612685,-0.00978701,0.09355053,-0.10536972,-0.5612905,0.87389183,-0.044589806,0.09976534,-0.09975631,0.43823737,0.013513269,-0.15192455,0.054749727,0.13908474,-0.5156114,-0.22687578,-0.3875548,0.3555963,0.41492552,0.36389324,0.31343567,-0.07400543,0.42370233,0.1307805,-0.42844567,0.66250557,-0.29067227,-0.5626143,-0.022824435,-0.8801654,0.29725754,-0.016062489,-0.2026842,0.5494707,-0.1666626,0.33622032,-0.102152586,-0.33903658,-0.37651473,0.5502208,-0.07493933,-0.14417556,0.14824176,-0.3680391,-0.17490736,-0.39545137,-0.36024678,-0.4770163,0.30142418,0.10704706,-0.2856937,-0.2093576,-0.9015086,0.51268727,-0.24480169,0.43577972,0.05781358,-0.18626997,-0.5798554,-0.4995333,0.42377886,0.12631115,-0.45103064,-0.18092766,0.0011580657,-0.97260785,0.25666195,-0.04024978,-0.01817556,-0.079091586,0.07592504,-0.14898163,-0.24433166,0.16653731,-0.28841797,-0.5395557,0.07648697,-0.52409786,-0.10693505,0.7029024,0.42621237,0.25094604,0.1253699,-0.3343379,0.7099341,0.44912738,-0.15506011,-0.059395846,-0.2800509,-0.38063192,-0.040744014,-0.0905032,-0.23210709,0.1893217,-0.54842913,-0.14102304,0.2975286,0.12636212,0.012062336,-0.27335936,0.07860075,0.589848,-0.18673377,-0.19460478,-0.19828476,-0.288171,0.25187677,-0.012622125,-0.19099109,-0.31057018,-0.20410563,-0.16888508,-0.052012153,0.1371485,-0.095768176,0.2155199,0.03912304,-0.011306345,-0.48361102,0.038645197,-0.37540725,0.28037748,0.2637182,0.19124778,0.18655956,0.6369746,-0.24609454,0.24647404,0.32436854,0.12354021,0.2403623,0.040003367,-0.13212068,-0.022415847,-0.13373625,0.10130798,0.3516797,0.16408171,-0.18118481,0.19086465,-0.04999608,-0.36438146,-0.10170301,-0.17929888,0.21263331,-0.08171952,0.65219486,0.54936296,-0.13572668,-0.08294494,-0.48460007,-0.023543233,-0.55753696,0.5863346,-0.06224084,-0.29255396,0.3162496,0.18041538,0.33465156,0.33890876,-0.26762348,-0.09082319,0.2789554,0.5457463,-0.36976182,0.0054741064,-0.14154927,0.26306963,-0.13987206,-0.37567958,-0.10111946,-0.032740302,0.16522315,-0.23485436,0.06702337,0.68126875,-0.14475672,0.10713814,0.07676067,-0.057424158,-0.21411607,-0.120547,0.5915478,-0.04859519,0.2586091,0.23376548,-0.3673452,0.026351307,0.26307365,-0.5030556,-0.31464228,0.17857373,-0.31342533,0.34363285,0.120798126,-0.11677955,-0.21736605,-0.38076442,0.3258084,-0.35332903,0.13792503,-0.5292547,0.42425114,-0.6438483,0.37947538,-0.31516626,0.43677798,0.008227086,-0.46303618,0.121520825,0.17172532,-0.47183555,-0.22054355,0.24264011,-0.33021456,0.43753433,-0.40951216,-0.2848049,-0.20578334,-0.39737365,0.0008945811,-0.1502783,0.3924357,-0.32868114,0.12564524,-0.15779328,-0.03712872,0.12401288,0.10429716,-0.27640656,0.00065465324,0.50295925,0.36907628,-0.22808068,0.31847736,-0.37536582,0.05648329,0.25501063,-0.3453052,-0.26380393,-0.311529,0.005232264,-0.38475394,-0.113935776,0.035153233,0.39295527,-0.15450528,0.20982613,0.4246429,0.0027908648,-0.124841996,-0.29034507,-0.27840075,-0.29528087,-0.41019863,-0.05638983,0.11199891,-0.08778898,0.09214586,-0.31946152,-0.018717894,0.29669413,0.0009618363,-0.30515885,-0.02841961,0.6344299,0.4336744,-0.41533646,-0.098957576,-0.24531287,0.28445482,0.18219143,0.16426475,0.050689165,-0.043556254,0.17917776,0.015332829,-0.1268368,0.29955614,0.17907707,-0.013544245,-0.41900948,-0.524236,-0.43499416,-0.2421543,-0.24187578,0.27182585,-0.43844768,0.23378874,0.2573387,-0.61494356,-0.5578556,0.36184123,0.09703552
0.3753336,-0.38802537,0.071045935,-0.48927665,0.3968642,-0.41721192,0.015463982,0.15142858,-0.2034604,0.36515367,-0.018585868,-0.23277828,-0.26795527,0.27114657,-0.22307602,0.42578986,0.33846295,0.25068417,-0.019181782,-0.06955657,0.27518293,0.33159828,0.31288412,-0.13067862,0.4296198,0.46265143,0.52444595,0.87164545,-0.34139976,-0.13808525,0.41188824,0.23381722,-0.013683267,0.008211185,0.0398155,-0.83299047,-0.116897546,0.14647183,-0.1723598,0.108297884,-0.24365641,-0.4773674,0.17897618,-0.081964806,-0.08297317,-0.09328022,0.03265056,-0.26917136,-0.37709463,0.017683677,0.26502985,0.5800626,-0.3966053,-0.48757705,-0.02634535,0.7765882,0.16771281,-0.2722146,-0.20294943,0.18796067,0.44163075,-0.24589373,0.08210683,-0.10755007,0.09146854,-0.2784739,0.2730224,0.22743845,-0.46033773,0.5378299,-0.41863632,0.1647258,-0.5415357,0.5795014,-0.0452314,-0.023001764,-0.3359822,0.41195163,0.33839053,-0.40290204,-0.030008493,0.113730885,-0.08246513,0.14463389,0.021342909,-0.14491887,0.20057653,-0.081455104,0.15713973,0.90266615,-0.365779,0.22480364,-0.14895964,-0.15955715,-0.012399391,-0.33928746,-0.44009832,-0.23322567,0.24791597,0.022696821,0.14524856,-0.06604731,-0.19310595,0.36205646,-0.09386257,-0.19587238,-0.6381904,0.4731609,-0.45205596,0.1090174,-0.2505275,-0.10561814,0.2685791,-0.7192746,-0.2518758,-0.5833304,0.04963864,-0.064809114,0.19390172,-0.06391009,-0.080193646,0.2361635,0.056938395,0.47908315,0.2607211,0.44173545,0.22610483,-0.05661435,0.26037407,0.35565335,0.22094765,0.08058637,-0.32385445,-0.63010174,-0.2282748,0.07640844,0.08417048,-0.56628937,-0.27000865,-0.4001387,-0.28486276,0.18295573,0.031543244,0.6528936,0.35143986,0.0073005683,-0.20645256,0.1695814,-0.68190783,0.6553718,-0.54157215,0.090946294,-0.38023293,0.20624623,-0.40749615,-0.11084595,0.0689647,0.047462195,0.3034022,0.1322489,-0.17107424,-0.28848597,-0.06082732,-0.17699575,-0.4577679,-0.18573323,-0.097009934,0.19825158,0.02856503,-0.611338,-0.03752484,-0.9553109,-0.027855689,-0.3379079,0.3883487,0.36271036,-0.3219594,-0.02621946,-0.40054554,0.4671888,-0.46421936,0.36770508,0.35391587,0.42822707,-0.055705253,-0.2134109,-0.06402156,-0.1613989,0.6129759,-0.027222684,0.013406286,-0.1927179,-0.34867895,0.36566174,0.12032417,-0.5001733,-0.44484505,-0.23815382,0.33001727,-0.083120145,0.021473065,0.009219232,-0.103181526,-0.037991248,-0.23231563,0.471188,-0.10301408,0.060802326,-0.17620936,-0.1569227,-0.18893784,0.061854992,0.37799513,-0.590651,0.7326248,-0.13528322,-0.22996697,-0.14987174,0.33696866,0.27246627,0.08895524,-0.09193281,0.08999662,0.16900939,-0.21781674,1.4751054,0.13235508,-0.4929049,0.19892474,0.14133,0.35308135,-0.749721,0.50679076,-0.097284794,-0.14268863,-0.12425681,-0.71251714,-0.091680944,0.18463178,-0.0010875444,-0.007514696,0.1769759,0.18690807,0.013161578,-0.12049894,0.065488145,-0.17006645,-0.4014116,-0.12924454,-0.15919705,0.029953737,-0.21883999,-0.27552447,-0.35903758,0.12097003,-0.00922834,0.0925071,-0.44746417,-0.17338979,-0.49331123,0.1550909,-0.23160364,0.29164696,-0.22393236,-0.1490631,0.18852498,0.09364853,0.36122173,0.6002837,0.12453547,0.0895099,0.159377,-0.25981992,0.9167456,0.1716621,-0.51313186,-0.26664832,0.039824467,0.020660553,-0.28633505,0.09964041,-0.17086191,0.085451946,-0.07714849,-0.32207516,0.21049958,-0.06257346,-0.15085591,-0.11097653,-0.04907168,-0.14641434,0.41395867,-0.02531857,-0.20919636,0.6818362,0.13951115,-0.18880709,0.16199532,-0.09753714,-0.36035648,-0.23996802,0.059303805,0.13136868,-0.35717976,-0.27724254,-0.08492201,-0.23680177,-0.2576461,-10.029237,-0.8782131,-0.21139663,-0.28429908,0.33317974,-0.61622256,0.15972121,-0.14400533,0.00042663104,0.26255763,-0.55020034,-0.3257563,0.13353193,-0.7404633,-0.18282469,0.1566598,0.7058659,0.2882972,0.29073367,0.07962482,-0.06941166,-0.68031204,0.1705314,0.42892617,0.030326119,0.3284386,-0.008023332,0.33299437,-0.11016598,-0.2739581,0.2849471,-0.20973358,0.3323678,1.2401391,-0.6673037,-0.32128102,-0.20185891,-0.5449713,-0.04407174,0.18725307,0.020193236,-0.027585112,-0.4349519,0.0016602247,0.4007184,-0.6944512,0.13092203,0.34366843,-0.13688055,0.1970871,0.134267,-0.04007062,0.11147509,-0.684315,-0.09659562,0.20630129,0.008848708,0.27259865,-0.10350635,-0.39955193,0.30681142,-0.11617884,-0.30330327,-0.034334075,0.33398393,0.58129466,-0.7530916,-1.1057473,-0.07190138,-0.38250804,-0.6003145,0.23575978,0.19817033,-1.3800441,-0.63043684,-0.34049484,0.68257225,0.23435748,-0.43341798,-0.021793792,-0.38352028,0.036308262,0.113359004,-0.14124882,-0.34644383,-0.21366149,0.5218105,-0.12587675,-0.73061824,-0.23945878,0.41871879,0.2874488,0.5543172,0.15607212,-0.08226855,-0.1633926,-0.042227052,-0.15732938,-0.2378376,-0.40549526,0.60624963,0.13683657,0.25959262,-0.65486807,-0.4114269,-0.50620484,-0.22377361,-0.27932796,0.009059143,-0.299378,0.72787285,-0.23737222,-0.22952408,0.18317762,0.33557525,-0.22265503,0.21841903,0.35445502,0.1298615,-0.22819512,0.031788513,-0.12853241,-0.20959324,-0.7462158,-0.020917218,0.037426732,-0.4356075,0.009254662,-0.21633643,0.010483545,-0.0947427,-0.069737285,0.066437505,0.15336761,0.09766299,0.32996672,-0.15396222,-0.11624983,-0.1695419,0.10183265,0.13579772,0.28637385,0.48942772,0.21717086,0.3392267,-0.23023099,0.40934914,0.5785387,0.53096163,0.5993029,-0.58246714,-0.7653357,0.32493615,0.115946464,-0.3533403,-0.09016962,0.30286905,-0.31543404,-0.2745925,-0.13463111,-0.05812975,-0.0724175,0.21155237,-0.10829262,-0.0760968,0.6604296,-0.2993572,0.08221404,0.6430184,-0.06893789,-0.27984446,0.26923317,-0.095573686,-0.031239234,0.15239125,0.34816876,0.29662865,-0.25385675,-0.15369608,0.57910675,8.209601e-05,-0.16523455,0.002280467,0.6889927,0.35392532,0.3735879,-0.11377795,-0.48014423,0.1355043,0.49768108,-0.5188151,0.5670616,0.59082144,-0.36587402,0.25978836,-0.6127613,0.124402486,-0.24054015,-0.2981625,0.041505016,-0.12527841,0.17055441,0.3918358,-0.210024,-0.06887951,0.27984267,0.33569625,0.5634954,0.18340926,0.083065346,-0.16548581,-0.25938052,-0.10662471,-0.6167171,0.3563482,-0.3805378,-0.19891767,-0.5271257,-0.24476606,0.00843281,0.118077986,0.23406324,-0.13443942,-0.030760365,-0.4206497,0.053566433,0.41531414,-0.05820746,-0.41927132,0.3199629,-0.38719383,-1.3009752,-0.18118836,-0.032726984,-0.046009053,0.28458118,-0.38675743,-0.57229596,0.32629272,-0.41409978,-0.7764669,-0.7230536,0.15021387,-0.92673403,-0.27108547,0.21845679,-0.02669277,0.41374257,-0.3825021,0.72694224,0.29695046,-0.20677225,-0.3346379,-0.4596385,-0.19542217,-0.57930064,0.19066836,-0.14199772,-0.3196827,0.3215592,-0.48338902,-0.008418638,-0.21710445,-0.3742029,0.2025272,0.18025829,-0.26136518,0.09815593,0.08723507,-0.5696928,0.21711661,-0.80451685,-0.027600994,-0.44473588,-0.23558986,-0.5278726,-0.55746096,-0.46336204,0.12884317,-0.044564642,-0.042265683,-0.16637798,0.589126,0.102024086,0.4144243,-0.31657276,-0.57563263,0.25849,-0.17999348,-0.2816079,0.39062172,0.10426576,-0.0065902974,0.060214516,-0.8816651,0.44894028,0.458692,0.19520262,-0.15892181,0.6323024,0.35008755,-0.09757457,0.4321361,0.20185539,-0.22348015,0.62192607,-0.14222607,-0.36470574,0.2513454,-0.46367395,0.31566176,-0.10246124,0.5094734,0.46247363,-0.16365676,-0.14912443,-0.6413815,-0.0454998,0.018631447,-0.11657885,0.10835448,0.49431404,0.45426303,-0.58181524,-0.07667782,0.06673517,-0.2937103,-0.33421016,0.35953036,-0.012307105,-0.21257122,-0.1420665,-0.17398202,-0.108614184,0.16484466,-0.17483805,-0.014201496,-0.2073469,-0.020083826,0.31104937,0.054026674,-0.18573523,-0.2399117,0.050808594,-0.109289385,0.14884365,-0.054446507,0.21970671,0.031652074,0.8748815,-0.22220686,-0.20394278,0.25197604,0.15434986,0.20228359,0.45399344,0.1068338,0.30383155,0.35057166,0.3292405,0.11990203,0.3802944,-0.040639695,-0.4439901,-0.0795141,0.15539141,0.28122693,-0.42832157,0.11941627,0.1414136,0.277826,-0.32754886,0.10854334,-0.37608415,0.09372118,-0.009373738,-0.04862224,0.046237577,0.15004338,0.2119718,-0.34444246,-0.089689635,-0.38509202,-0.4234407,0.09266905,-0.5060864,0.036245227,-0.0969258,-0.011578867,-0.22171415,-0.45686913,0.4966762,0.10020649,0.6638917,-0.25138274,0.098933995,-0.08494225,-0.1380617,0.76127553,-0.1654501,-0.043054838,0.034451064,0.16607256,-0.09829197,0.34828007,-0.30732715,-0.4670834,0.4139903,-0.7891876,-0.253048,-0.15244707,0.26615718,0.11455413,0.38130814,-0.15905961,0.24795927,0.014052953,-0.1302906,-0.73455775,0.049516354,-0.117610976,-0.6724846,-0.16696769,0.13240728,-0.53674763,-0.791075,0.13726336,0.070049204,-0.32842898,-0.32688227,-0.13818619,0.31827235,0.48151958,0.27883402,-0.34855026,0.090111464,0.005412988,0.04076236,-0.12203713,0.10840457,-0.27944383,0.60899776,0.25461876,-0.41789848,0.35342076,0.2678244,0.16363299,-0.002592434,-0.3053568,0.33890808,0.1600214,0.12779312,0.73102844,0.09346527,0.2457883,0.073176295,-0.6255672,-0.55446565,0.44374114,0.06692962
0.120805845,-0.45123062,0.06535275,0.057868466,-0.030004637,-0.26302266,-0.04403447,0.67719,0.17793098,-0.062555686,0.24187972,0.032014478,-0.005395193,0.7904684,-0.3324441,0.386322,-0.060810912,0.15335792,-0.04443409,0.32898164,0.24491207,0.1399071,-0.5276212,-0.10425763,-0.14894463,-0.017144388,0.22170988,-0.0952702,-0.5638105,-0.125925,0.65810364,0.39340255,-0.071765274,-0.044211827,-0.4318929,0.3151769,0.13562508,0.29663464,-0.3692942,0.20725694,-0.41378433,-0.3455819,0.15135907,-0.33774918,-0.19470383,0.4411137,0.33544105,-0.6134652,0.2129738,-0.084358476,-0.6173909,-0.22154886,-0.15542364,0.18614851,0.27708986,0.05649339,0.14625898,-0.70370865,-0.15984315,0.6471261,-0.19271524,-0.3764879,-0.06151485,-0.23092897,0.24921405,-0.46209407,0.053240202,0.3974067,-0.21178374,0.64250827,-0.1916391,0.15160446,0.109816104,-0.19150421,0.38098612,0.34468865,0.056270447,0.63701355,0.1066362,0.10507831,-0.08667306,0.08128852,-0.36133373,-0.32635295,0.36373383,0.26661012,-0.2502604,-0.014274367,-0.26118726,0.3831337,0.13645637,-0.55256444,-0.06986602,-0.5476909,-0.02211597,-0.2437475,-0.158448,0.027566006,0.046225205,0.09848105,0.13638495,-0.37737155,0.122328,-0.060789403,-0.06257927,-0.24510938,0.063283615,0.011305323,-0.17903265,-0.008070086,-0.14624763,0.38957718,-0.1643285,0.016860206,-0.5350517,0.17446275,0.022000188,-0.3287212,0.2627983,0.30728266,-0.52223784,0.57984185,0.333065,0.026625225,-0.055812586,0.48505372,-0.46086052,-0.35742334,0.13910758,-0.114940315,0.1715768,0.6125828,0.5547868,-0.015009502,0.19993728,0.12883045,-0.12168735,-0.05626418,-0.5627425,-0.4211483,-0.2622768,0.13656989,-0.07143816,0.2888294,-0.15817507,0.6276345,0.12335331,-0.35745674,-0.054811846,-0.23881586,-0.421535,-0.3077716,0.016334157,0.11261207,-0.12966844,-0.0108673945,-0.54042333,-0.09098791,-0.05878285,0.29397473,0.44408485,0.17718774,0.35021237,0.7743118,0.5812391,-0.34985602,0.058050852,0.019417552,0.28568667,0.17159252,-0.107760556,-0.10495488,0.23226792,-0.39563468,-0.03406192,-0.11857332,-0.17983381,0.13719155,-0.07057283,0.43113482,-0.60826033,0.4260871,0.044815563,0.044711433,0.20305246,0.81391966,0.3409469,-0.1285049,0.23421799,0.2785825,0.16333084,-0.0133386925,0.28355348,-0.06560095,0.2692507,-0.08302004,-0.32343856,-0.27713996,-0.104712464,-0.0824739,0.6234915,0.04595642,-0.048468288,-0.1266286,0.095503636,0.34245247,-0.36352345,-0.41967052,-0.12876686,0.20988964,-0.74038583,0.5748321,-0.42006287,0.12735729,0.32969284,0.34727678,0.17394163,-0.57664716,0.011460805,-0.3665883,0.13452576,0.025900278,-0.07445714,0.84490526,-0.23431648,0.86433935,0.28507045,0.3434207,0.06819132,-0.040249277,-0.32759133,-0.1060178,0.29986963,0.14904657,-0.19696404,0.25936967,-0.8024351,-0.4237986,-0.5097788,0.31095,0.2835508,0.74627876,-0.032784585,0.55271846,-0.2236715,0.22013031,-0.110293806,-0.78196687,0.4099586,-0.12960102,-0.20981474,-0.16430014,-0.14446919,-0.34340146,0.06798907,-0.021262359,0.046451963,-0.3097247,0.08431714,0.12764402,0.3124745,-0.050282273,-0.019534273,-0.16367306,-0.34681815,-0.21948498,0.27042583,0.05509113,-0.078955114,-0.14084236,0.5460034,-0.26194248,-0.092906475,0.3258407,0.057981223,-0.16974138,-0.38456917,-0.010563855,0.4438126,-0.15533258,-0.096072935,0.070309155,-0.19620566,0.24258938,-0.25951603,-0.088605024,0.05359675,-0.05242402,-0.15380675,-0.5036029,-0.4745752,-0.50754595,-0.18166173,0.0026290948,0.7685241,0.1793411,0.12877288,0.11201096,-0.06429282,-0.35823327,-0.093677446,0.35804737,0.15526581,-0.12321114,-0.5077643,-0.24556392,-0.40608463,-0.5196322,-9.294127,-0.4422572,0.27222043,-0.3614341,-0.27050635,0.033456337,0.1047645,0.13014384,0.9822105,-0.3639267,-0.21037611,0.11243288,-0.17031893,-0.018917564,0.26087594,-0.3673845,0.17411007,0.099917926,0.012158316,0.47700638,-0.4075173,-0.36790532,0.7230017,-0.22888839,0.21488783,0.5978725,0.1385983,0.06294981,0.48691154,0.14733697,0.16008922,-0.3020917,-0.31293103,0.7948287,-0.36083516,0.043913852,-0.28419,-0.02191577,0.097070895,0.013491946,0.07836928,-0.22037943,-0.12993191,-0.20298201,0.18487673,-0.19182532,-0.15361024,-0.038557336,-0.29938778,0.13596827,-0.36259824,-0.45390502,0.0005544469,-0.34392932,0.23897626,-0.04856953,0.0736385,0.64518005,-0.18093725,-0.19607742,-0.052186333,-0.6237906,-0.513587,-0.627066,-0.12789102,0.031740516,0.0041380925,0.2167633,0.079239294,-0.38707364,-0.21116373,0.051714648,0.009168427,-1.407826,-0.45655546,-0.057494815,-0.08317633,0.028386548,-0.18855321,-0.50165796,-0.36289394,-0.23481031,0.24461071,0.012397405,-0.35130584,-0.41823608,0.1041533,-0.927155,-0.3987626,-0.3376959,-0.047826815,0.11167728,-0.14106928,0.30958116,0.27264407,0.11856831,0.21543355,-0.36928433,-0.028582785,-0.009997296,-0.02800252,0.16286556,0.11920138,0.33961293,-0.05057509,-0.40291402,-0.1668045,-0.2171182,-0.21328545,0.3287349,0.32957858,-0.6399629,-0.048033934,0.012429671,-0.4254037,-0.21883017,0.36343434,-0.23653656,-0.24509384,-0.124487124,0.05928852,0.39245474,-0.14730138,-0.14049272,-0.7851691,-0.44002244,-0.1920424,0.23970705,-0.35080254,0.553746,-0.18110146,-0.4323487,-0.69815725,0.5667739,-0.09061063,-0.22243416,0.105288066,-0.050278865,0.024608577,-0.20649092,0.25856748,0.110167414,0.17154641,0.4839394,-0.078853674,-0.12578924,0.28436905,-0.3115722,0.061675034,0.17324434,-0.44411594,-0.7485745,0.35173276,0.3615691,0.28725877,0.5996464,0.22482646,-0.2875022,-0.51062745,-0.22468384,-0.12533118,-0.04872632,0.12794809,0.40824008,0.08582181,0.06195986,-0.21058075,0.41149116,0.5716065,-0.2861214,-0.58996665,0.20483251,-0.05831175,-0.028806364,0.2731297,0.40006626,0.15117276,-0.02585349,-0.27806634,0.32664478,0.29507446,0.010139951,-0.09000888,0.13351429,0.6711892,-0.07298662,-0.011897807,-0.083312854,0.07153258,-0.06507074,-0.15160525,-0.03401412,-0.12296867,-0.23753485,0.022850242,-0.39307794,0.31948602,-0.5076826,0.009499268,0.09833579,0.24406418,0.30261886,-0.03980252,0.15191975,-0.1373398,-0.19945756,0.24913858,-0.16835757,0.087949894,-0.3383183,0.014460035,-0.4849494,-0.22149324,-0.20704931,0.059720334,-0.36991587,-0.024106365,-0.37437642,-0.19995587,0.36128533,-0.14598885,0.36088204,0.2743327,0.22466904,-0.40703118,-0.3020734,0.5207711,0.07471363,-0.042252965,-0.14608358,-0.3716203,-1.3958806,0.29243472,0.116006725,-0.6560461,0.016236067,-0.107731074,-0.27889737,-0.04893952,0.08579793,-0.4140683,-0.5296533,-0.2242553,-0.15653974,-0.07123171,0.24019419,0.49806926,0.34441772,-0.35805842,0.16893606,0.2838629,-0.10326249,-0.39846572,0.2373859,-0.14856334,-0.61864287,-0.23501319,0.06327266,-0.15853406,0.40670288,0.081954576,-0.5144578,-0.10450676,0.33718178,0.008835919,-0.10713122,0.017614333,-0.059784535,-0.18993747,0.02174791,-0.3111578,-0.31783825,0.2966219,-0.018046228,0.15194416,0.06312687,-0.26478013,-0.27840462,0.19113325,0.07880741,0.33185357,-0.15315299,0.22731473,0.23694864,0.115618095,-0.12983899,-0.45754924,0.43571338,0.007211212,-0.13208824,0.23736389,0.2540494,-0.55257833,-0.23291528,0.16758828,-0.031634875,0.2766968,0.044140425,0.23295921,0.232493,-0.35817975,-0.34030053,0.43761155,0.028050516,0.026119953,0.5921624,0.0054305815,-0.28971228,0.3618825,-0.5479681,-0.08207686,-0.033007924,0.7590014,0.28835952,-0.4300295,-0.375067,0.043053642,-0.500555,-0.6828103,-0.027466537,0.14019233,-0.29747272,0.369947,0.15486318,-0.42155692,0.3121337,0.16907376,-0.008046179,0.3552558,0.15730749,0.04443049,0.24494722,-0.5158826,-0.24589124,-0.28325245,-0.4013049,0.47040322,-0.33510867,0.26993218,0.37859792,-0.4296235,0.4334409,-0.023771238,0.1260957,0.008069504,-0.027837517,-0.13967088,0.0066453577,0.63638765,0.15930845,-0.23971285,0.26006812,-0.31618547,0.31787533,-0.26096624,0.12492817,-0.08229689,0.18835968,-0.14997397,0.41407257,0.19096431,-0.28629136,-0.17961845,0.21862434,-0.17304385,0.17528376,0.68260664,0.02903262,0.3056476,0.21619013,0.29659766,-0.07546476,0.33589077,-0.047617674,-0.2001282,0.18394932,0.2187942,-0.25062907,-0.39817116,-0.07479392,0.062067423,-0.09894401,-0.086603664,-0.7835325,0.2647717,-0.64868754,-0.29816434,0.044773888,0.6295914,-0.07891872,-0.3995721,-0.18672067,0.4567381,-0.04444126,0.047853533,0.025702858,-0.108913176,0.35067996,0.1016215,-0.22056042,0.16852929,-0.20995656,0.52861506,0.4647335,-0.2934581,0.008311298,-0.01698047,0.24389245,-0.5018569,-0.39743286,-0.29126212,0.69507825,-0.09297304,0.0198071,-0.07384708,-0.2661223,0.38124067,-0.1879275,-0.25226167,-0.14330925,-0.45061824,-0.38344082,-0.09806499,-0.24197075,0.14794856,-0.4060805,-0.032064606,0.31632972,0.01610539,-0.40702245,-0.19884409,0.5367811,0.21911535,-0.41522676,-0.52160484,-0.019574927,-0.4360563,-0.22344784,0.18962783,0.63203716,0.14430265,0.075171344,0.040636234,-0.2966462,0.09863253,0.017160784,0.46339527,-0.4010931,-0.5336844,-0.67794424,0.09569385,-0.28510535,0.11756523,-0.056084696,0.011122091,0.047570303,-0.24248607,-0.18743542,0.023043018,-0.060107525
0.12411049,-0.30763555,0.28343013,0.43264657,0.05361135,-0.42959678,-0.48261297,1.1208384,-0.24444276,0.13275151,0.5901165,-0.05977423,-0.19967823,0.33237332,0.07755042,0.10160015,0.16627893,-0.026726948,0.13912502,-0.017637186,-0.501512,0.16965769,0.2334298,0.49456355,0.26658526,-0.21966457,-0.32673824,0.04595733,-0.7122122,-0.12065894,0.5797878,0.5751345,0.046645366,0.008061267,0.054948676,-0.10254621,-0.08437909,-0.4305505,-0.5283925,0.36831066,-0.5234082,-0.3925831,0.023871334,0.22813886,-0.38248995,0.4962713,-0.08355878,0.12258677,0.23690018,-0.32067,-0.5536368,0.31299153,-0.07933421,-0.20612063,0.05859523,0.2622107,0.45546076,-0.3655485,-0.14894472,0.47757414,0.2721912,-0.29436967,-0.43560684,-0.36269027,-0.027890217,-0.04047593,0.21161886,0.6115124,-0.6404838,-0.29536203,0.09455922,-0.15572019,-0.16407217,-0.57986045,-0.047395334,0.3216367,-0.29258355,0.3773777,0.058610536,-0.060317006,-0.15067628,0.71738356,-0.034815975,0.110049054,0.17126708,0.32795134,-0.028009634,-0.25012925,-0.14349252,0.4966159,-0.03788696,-0.29882398,0.79473233,0.2977463,0.028469382,0.103303246,0.20105505,0.0002670139,-0.21854442,0.24574608,0.3394913,-0.6533093,0.3274584,0.29788518,-0.24583045,-0.124727465,-0.21069928,0.057080913,-0.088408165,0.10233995,-0.12926131,0.27292135,-0.36962786,-0.12225681,-0.50462085,0.18283147,-0.12889768,-0.31542996,0.4830677,-0.17894845,0.09724938,0.44129172,-0.3631198,-0.07872744,-0.46861994,-0.27673307,0.2149047,-0.290532,0.22042385,-0.19120526,0.007897354,0.91299605,0.07176877,-0.28529543,0.05822432,0.2100695,0.40548915,-0.099191025,0.17594014,-0.5489331,0.24038106,0.23078856,-0.14590006,0.30104676,0.18282054,-0.09677443,0.029397773,-0.21416067,0.09697089,-0.16328712,-0.41059634,-0.08084608,-0.2678769,-0.14805457,-0.2774293,-0.3977357,-0.10704379,-0.4344403,0.23409553,0.6895284,-0.14119372,-0.35204503,0.05579418,0.13686357,0.0997852,-0.13784829,-0.19329208,0.22345103,-0.14229983,0.18014568,-0.15319468,0.06757488,0.34226644,0.06263241,0.6255238,0.03797124,-0.38095105,0.3228389,0.3211119,0.8284302,-0.5350351,-0.0019506365,0.5295207,-0.031298947,0.25604764,0.23241478,0.53016144,0.23754357,0.5386349,0.008282011,-0.26429617,-0.1661967,0.110197015,0.21022996,-0.10043106,-0.7239924,-0.031305864,-0.320428,0.35298985,-0.43557692,-0.21137333,0.14224555,-0.059352886,-0.26506856,-0.26261404,0.4439968,0.022697162,-0.3597628,-0.204145,0.11592605,0.017972132,0.4531271,-0.35157868,-0.050101295,0.5342049,0.081470534,-0.073567696,-0.5768632,-0.45675877,0.06578595,-0.14520639,-0.41600105,-0.2310999,0.23582853,-0.108830936,0.9493813,-0.08489709,0.1499584,-0.250429,-0.021860078,0.25793448,-0.06974233,-0.18327962,-0.39491844,-0.15750761,-0.15201415,-0.95739263,-0.5632902,0.10876524,0.062160503,-0.11301101,0.21485597,-0.018311922,-0.025372772,-0.011788508,0.09646456,0.2553916,-0.5913179,-0.4132721,-0.20218123,-0.18962461,-0.33410072,-0.33981383,-0.50207984,0.018682124,-0.008885301,0.1973818,0.5649056,-0.006753003,0.0032663941,0.26973295,0.0038046173,-0.4193733,0.03969503,0.15100291,-0.36302713,0.466177,0.11399961,-0.13244742,-0.13578346,0.11894939,-0.5957761,0.18636595,0.72697926,-0.04184028,-0.13615099,0.3159848,-0.016398199,0.015382023,-0.1275282,0.037045274,0.33661708,-0.5105687,-0.25630447,-0.51074964,0.09591171,0.2752928,0.06272607,-0.02363327,-0.08758602,-0.13354231,-0.40651026,0.22375616,-0.15746425,0.5095438,0.47901967,0.08369136,0.14653341,-0.09398148,0.121316984,-0.111584574,-0.11853383,0.11636912,0.008040795,-0.28499937,-0.49487817,-0.30171904,0.21841408,-8.852101,-0.30723742,0.36955115,-0.1776618,-0.010247397,-0.53077036,-0.44728556,0.14506198,0.081162386,-0.37364292,0.29975778,-0.36681232,-0.26718357,0.1140107,0.26514032,-0.50916123,0.2799009,-0.0042278995,0.104498334,0.20055448,-0.26448014,-0.43773434,0.2242579,-0.15521556,-0.0076390547,0.8716257,0.001135474,0.015804416,0.24256314,-0.2629054,-0.17450674,-0.07770847,-0.06689697,1.0416342,-0.036502466,-0.28932166,-0.49460238,0.014127803,-0.26969934,-0.12292146,0.2776632,-0.1766057,-0.24623428,0.13269891,0.88023144,-0.19325925,0.05731665,0.20311119,0.1913568,-0.07115571,0.057692584,-0.12484417,-0.55386233,-0.089219525,-0.18639107,-0.092587024,-0.22094311,0.06559171,0.06758419,-0.078983985,0.0666666,-0.20100316,-0.16304447,0.06315455,-0.16601549,-0.12516207,-0.5012967,-0.39167985,-0.14655139,-0.1692083,-0.26354182,0.4972509,-0.05052,-1.6648053,-0.42191076,-0.27985865,0.56060296,0.18158165,-0.38464537,-0.48217127,-0.6346624,-0.19360298,0.21048667,-0.5091765,-0.36778405,-1.0748037,-0.07328904,0.024830885,-0.02247926,0.22859448,0.5071639,0.06245117,0.32599345,0.76596427,-0.15168907,-0.013819814,0.41514748,-0.35512847,-0.17152783,0.38301814,-0.02781247,-0.02412899,-0.2931256,0.17952739,0.2350666,-0.3832475,-0.07778942,0.35410255,0.07148233,0.10022343,-0.20762005,0.19906525,-0.057574477,-0.22295791,-0.544813,0.29355755,0.14462799,0.17428009,-0.37240553,-0.21560945,0.15386432,0.18596497,-0.010444244,-0.47388077,-0.06441894,-0.22969723,-0.2923374,-0.05384829,-0.040290225,-0.15519357,-0.05330815,0.12842962,-0.0824355,0.2180293,0.21912088,-0.39975917,0.0380517,0.1465261,0.19254316,0.17198738,0.68734384,0.64967275,0.36829996,0.0013868227,0.119141124,0.2338549,-0.016074387,0.36742127,-0.0009868037,0.012219921,-0.6336617,-0.351142,0.14004858,0.7533016,-0.016752135,0.2043799,0.732336,-0.4994811,-0.6981539,-0.8166298,-0.04577219,0.5556277,-0.1419429,0.10718778,0.18539573,0.0550548,0.41198492,0.20397037,0.39857864,-0.13263418,-0.47620514,0.47151276,0.27552226,-0.08313666,0.20880337,0.5399118,0.028366564,0.035422817,0.2315555,0.6110963,0.1522618,0.1810631,-0.10301046,0.17642437,0.31890488,0.4289551,0.013518241,0.118634276,-0.27196783,0.47582605,0.09421828,0.19315815,-0.29929462,-0.21378475,0.17729762,-0.2343176,0.22114563,-0.5238197,0.0192948,0.29696915,-0.22702645,0.6681519,-0.309252,-0.0147744715,-0.44460496,0.1937564,0.30430454,0.45928705,-0.09143985,-0.22864395,-0.055791236,0.018614387,-0.44376758,0.046581183,0.37787688,-0.244176,0.06431803,-0.5356236,-0.24509098,0.31013468,-0.17297678,0.12800862,0.28711644,0.003410224,-0.29724124,-0.11034273,0.021703724,0.12952064,-0.36924917,-0.9839956,-0.1500372,-0.9404614,0.16458629,0.30707282,-0.36523923,0.116811365,-0.22094402,0.22900616,0.38396588,-0.2771319,-0.4608304,-0.44952652,-0.17709278,0.07123738,0.11512003,-0.06404868,0.066520534,0.44842806,0.120130606,0.055206474,0.12740576,-0.0073788343,-0.3916568,-0.041172437,-0.3820175,-0.75842834,-0.20945889,-0.41229278,-0.10695076,0.18495445,-0.15852562,-0.15974233,0.4767658,0.41512683,0.07166488,-0.07117899,-0.07876757,0.15471014,0.17653601,-0.3203072,-0.11729068,-0.49092844,0.02302173,0.05589718,-0.27475297,-0.32244948,-0.43728894,-0.5619749,-0.16169173,-0.20442304,-0.24019304,-0.1046822,0.024503415,-0.35564443,0.11497824,0.12372673,-0.30538726,0.83133775,-0.2138772,0.18771768,0.07425614,0.37425593,0.019798683,-0.0955704,-0.02916248,-0.28800407,0.40925607,-0.28119266,-0.017743789,0.21412295,0.14427923,-0.31126028,0.5472608,0.55176014,-0.08622759,-0.26187918,0.051918376,-0.07975288,0.3587347,-0.33320582,-0.039100785,-0.14157309,0.5359563,0.47338295,-0.33509576,0.26132706,-0.31537104,-0.124453194,-0.614552,-0.034107752,0.052398477,-0.052786674,0.16544574,-0.40126744,0.10846564,0.2389422,0.14204912,-0.09170541,0.2609406,-0.12950638,-0.24699034,0.08798121,-0.55683017,-0.3178816,-0.21207012,-0.79618514,0.14483958,-0.066085026,0.21842419,-0.025712926,0.29981586,-0.248519,-0.112006046,0.31763825,0.0138717005,0.014168781,-0.32515094,0.037562326,0.21859136,0.104969576,-0.09311052,0.097372,-0.23860453,0.25718072,0.48695543,0.12856294,0.10759843,0.43682393,0.190948,0.66735077,-0.02618867,-0.077366516,-0.36401376,-0.46123326,0.41739348,0.07152291,0.42370173,-0.16329548,0.7334763,-0.11919338,2.4489382e-05,-0.07226125,0.6696502,-0.28974763,0.056186628,0.357716,-0.06941483,-0.19640379,-0.2968797,0.28961432,-0.000848145,0.26132938,-0.33871266,-0.297434,0.16410963,-0.44183215,0.10702209,-0.27186742,0.24202281,-0.44551203,-0.24798538,-0.077489324,-0.061729655,0.14628522,0.0075496812,-0.047966156,-0.10672513,0.23745245,-0.27639946,0.17297599,-0.0073856693,-0.46997863,-0.12545696,0.8001923,-0.29916897,0.11164017,-0.39934075,0.3581308,-0.410575,-0.6859011,0.6406161,0.65914506,-0.13501076,0.13969342,0.043516126,0.038941685,0.27457067,-0.14946999,-0.39597428,-0.09034839,-0.51525146,-0.24691771,-0.29801968,-0.15882832,0.09024949,0.06580034,0.07281103,0.29526824,-0.27902257,-0.086791344,-0.562972,0.2691043,-0.0009549558,-0.03525927,-0.23158914,-0.097177505,-0.3779297,-0.41550532,-0.24981312,-0.15086837,-0.12748429,0.23374224,-0.35901204,-0.8016185,0.3881028,0.055816684,-0.00818407,-0.4855671,-0.07025813,-0.17442705,-0.37523225,-0.35673526,-0.07374199,-0.26973,0.13308932,0.23243903,0.022797298,-0.655393,0.6328086,-0.3368218
0.22603677,0.088920355,0.11409989,0.151562,0.35737062,-0.25747904,-0.28622964,0.7981713,-0.42502907,-0.2377618,0.24996464,-0.120345995,-0.31991684,0.23761211,-0.21150228,0.33874363,-0.3835523,0.087937996,-0.12679045,0.29219168,0.01310727,0.21200539,0.063145146,0.17104517,0.25802198,-0.256055,-0.057678357,-0.011349128,-0.5327034,-0.19864388,0.3837535,0.17692833,0.09319139,0.16355684,-0.1715461,-0.34289426,0.017669566,-0.2465874,-0.13077965,0.2722608,-0.21424533,-0.22113436,-0.03765495,-0.05119791,-0.008867659,0.017647233,0.100822836,-0.34941983,0.15964445,-0.40078762,-0.74504954,0.25625497,0.20672368,-0.29221407,0.087278955,0.25014746,-0.45986745,-0.25062197,-0.29852432,-0.27455965,-0.068830416,0.372101,-0.3810469,-0.11687176,0.30695018,0.20146845,0.27680367,0.41368374,-0.48240325,0.07213508,-0.06644506,-0.17371048,-0.21432602,-0.1419837,0.0117374845,0.1298224,-0.34800777,0.12542143,-0.12822269,-0.46091977,-0.15599786,0.26834998,-0.049940605,-0.2613176,0.29629153,0.15854448,0.21195617,0.25144064,-0.4483159,0.34688798,0.008447848,-0.1716278,-0.1667558,0.16750102,0.34082612,-0.5419197,0.053567715,-0.16388628,-0.28716418,0.075217985,0.5257975,-0.5630382,0.21904586,-0.41113243,0.044767726,-0.058848243,-0.09253818,0.17594069,0.050105162,0.29312828,0.11385809,0.18501018,-0.28652543,-0.13380277,-0.23798652,-0.021066187,-0.047835644,0.17369072,0.19594032,0.12680992,0.16429308,-0.15161888,0.023809886,-0.10163873,-0.009961137,-0.3436296,-0.09168668,-0.15340033,-0.013329162,-0.14028935,0.39858264,0.28169337,0.3184941,-0.1900202,-0.20640837,-0.04029548,0.25224322,0.16492115,-0.10440976,-0.36438343,-0.0548507,-0.03010561,0.12133986,0.052085813,0.028011078,-0.07029915,-0.31907576,0.008259976,0.0011145689,0.038334873,-0.018766107,0.4986527,-0.08140111,0.00018627092,-0.1158236,-0.065046705,-0.20680171,-0.036920253,0.08268728,0.18076228,0.40472662,-0.23360407,0.12176845,0.23920177,0.021249356,-0.256688,-0.06035796,0.2223822,0.06759781,0.340662,0.017208453,-0.2224113,0.49969003,-0.22419445,0.21079399,0.43639672,-0.06463582,0.37136498,0.20824094,0.61009896,-0.5556171,-0.37026387,0.022898521,-0.19907439,0.12575276,0.24554591,0.4706696,-0.27096796,0.6960627,-0.097553015,-0.585135,0.12965773,-0.018490154,0.014202421,0.08398433,-0.08644931,-0.08315771,-0.13236739,0.2733737,-0.26822516,-0.11067909,0.35373458,0.19717352,0.17828548,-0.14436735,0.2559299,-0.14139715,-0.23337154,-0.3161688,0.31984577,-0.025932396,0.34195793,-0.0778401,-0.18332432,-0.047506727,-0.1491758,0.13451058,-0.07545238,0.0689869,0.44657966,-0.25989512,-0.17044991,-0.13705489,0.2731122,0.08153727,0.6100238,-0.08913188,-0.042277064,0.1642136,0.081085965,-0.27549705,-0.38357136,0.38395274,-0.13787687,0.22099788,-0.06073599,-0.0815912,-0.3126692,0.006585447,0.438261,-0.22376992,0.016912399,-0.30762908,0.32543227,-0.5686691,0.16057496,-0.46104968,-0.57591015,-0.1769941,-0.2045936,-0.38800156,-0.021049602,-0.29379565,-0.20352064,0.10688513,0.013595389,-0.3050166,-0.022833306,-0.07648167,-0.075310625,0.28376365,0.007828301,-0.30496565,-0.11391381,0.30288523,-0.22465405,0.12802367,0.053990077,-0.013284271,0.031551953,0.15919387,-0.39766267,0.08647674,0.73770416,-0.15986161,-0.23817633,0.101843625,-0.039226037,-0.0035874238,-0.33356425,-0.040352467,0.519817,-0.20596792,0.34095883,-0.05908132,-0.18395123,0.61452293,-0.062113844,-0.25589436,-0.077634014,-0.365198,-0.40583333,-0.35823587,-0.17833038,0.7054377,0.21409462,0.037475888,0.12915467,-0.019377466,-0.27066252,0.098598816,-0.59056574,0.24958575,0.2909378,-0.02939176,-0.1706946,-0.27605632,-0.06814859,-8.645341,-0.20234407,0.056629278,-0.087298185,0.15543401,0.025353177,0.19533747,0.2141298,0.0008126186,-0.21289986,0.14133428,0.14305186,-0.056242336,-0.21131381,-0.05951871,0.020253453,0.27910817,-0.4390133,-0.2984989,0.4338097,-0.259721,-0.31162465,0.19271576,0.01988725,0.5774499,0.12486538,-0.09611112,-0.2619412,-0.048374966,-0.24609631,-0.19253615,-0.1493656,0.10220968,0.47714373,-0.24029009,-0.20106922,-0.229409,-0.16773991,0.39853466,0.20554462,0.10374232,0.0657867,0.21374398,0.08862973,0.72891104,-0.18517888,0.15551828,-0.29067528,0.03250612,0.35467976,-0.08657085,0.08146594,0.27720973,-0.4288393,-0.20047413,0.41191697,0.353853,0.6198407,0.18420199,-0.40255702,0.060265664,-0.37787995,-0.32261503,0.10066357,-0.09542169,-0.4107718,-0.5905045,-0.52297777,0.24654308,-0.003518108,-0.28344846,0.4986085,0.012578067,-1.6936344,-0.3292179,-0.26867202,-0.062318835,0.09552357,-0.1991426,-0.301415,-0.56710845,-0.19828504,-0.0048621846,0.044242736,-0.028076828,-0.49090967,-0.07943922,-0.51135266,-0.5794992,-0.23176171,0.25611615,-0.085753605,0.12674905,-0.10350636,-0.06531069,0.1362169,0.6649435,0.0388924,-0.2412174,0.25534284,-0.018134983,-0.34937894,0.27293065,0.17523132,0.3540765,0.012596143,-0.0859841,0.0669161,-0.017201137,-0.24854083,0.3297804,-0.16635531,0.19634691,-0.04345938,-0.42241645,-0.064515956,0.20782769,-0.21298294,0.042297002,-0.23976332,-0.37239337,0.054478016,-0.14363201,-0.15021773,-0.37069678,-0.23751639,-0.20297804,0.2841031,-0.283212,0.30062658,0.055839047,0.22950743,-0.16157483,-0.13927114,0.028795414,-0.09435082,0.0783284,0.26861987,-0.18650728,0.2308354,0.062729046,0.39082593,0.35010254,-0.1113599,-0.23649251,0.07187096,-0.23985298,0.33582774,0.102905035,0.24626604,-0.31671923,-0.03435148,-0.40152535,-0.070717126,0.26932275,0.10511927,0.70162636,-0.22101997,-0.038099516,-0.41200623,0.14041752,0.0888368,-0.441244,0.29833356,0.08879215,0.039891854,0.15330334,-0.32620195,-0.015186927,-0.13229091,-0.3796464,0.43244612,0.26049125,0.019471066,0.17949171,0.14093731,-0.19245586,-0.28929508,0.13954239,-0.051141992,-0.22796983,-0.13440996,-0.114481956,0.006932669,-0.015669309,-0.059743296,0.07625805,0.237372,-0.21217488,0.118969575,-0.38803443,0.32992625,-0.024583662,-0.22552335,-0.004472847,-0.21455711,0.17056935,-0.31123337,-0.12673987,0.50496477,-0.2685298,-0.09718262,-0.14822072,0.08458579,-0.5998489,0.21321398,-0.37017173,0.23055157,0.056898974,0.12294651,-0.17764539,0.042236928,-0.31509376,-0.35336244,-0.24432802,-0.060426254,-0.349003,-0.30405226,-0.63114,0.16943814,0.28847507,-0.23637615,0.23034124,-0.03158612,0.03262344,-0.12863304,0.21785837,-0.16812503,-0.12906092,0.09593258,-0.2482191,-1.136029,0.34848565,0.32229993,-0.034575533,-0.39179584,-0.0071717547,-0.049919777,-0.15208869,-0.25388741,-0.20599844,-0.2764189,-0.25485927,-0.42460752,-0.06752291,0.07218267,-0.05793048,0.19970034,-0.22465463,-0.012309592,-0.047989815,0.19551095,-0.11088204,-0.085932806,-0.24039322,-0.634232,-0.2550152,-0.058678903,-0.0769081,0.4525491,-0.13031682,-0.24992372,0.2199587,0.18163851,-0.13045147,-0.043516856,0.16796656,0.09360416,-0.28497857,-0.28988758,0.06505247,0.1523888,-0.17042376,-0.25660947,0.04551051,0.24774565,-0.10124404,-0.19729467,0.2577465,-0.8240582,0.11631992,-0.109177016,-0.016078487,-0.33915052,0.5026368,-0.14824335,-0.026730996,0.42593208,-0.034339417,-0.08296728,-0.07585702,0.35309,-0.19229111,0.088085026,-0.38821128,0.091979,0.41502813,-0.18859512,-0.16933203,0.19507734,0.17949273,-0.03543317,0.5006214,0.13375777,0.013635259,-0.12435689,0.21659288,-0.09138843,-0.04226322,-0.014247016,-0.32813466,-0.2610287,0.44888833,0.37201393,-0.06728996,-0.094870575,-0.6275041,-0.21500927,-0.29039425,-0.10527867,0.07322947,-0.1275511,0.32366621,-0.38677505,0.045826755,-0.017262904,-0.064029776,-0.27385306,0.17009158,0.22408526,-0.24749622,0.5928084,-0.4089539,-0.030583195,0.17124805,0.09126039,0.16056788,-0.38850525,0.12168802,0.53227556,-0.028372306,-0.06255917,0.404454,0.36805204,-0.09687301,-0.027453406,-0.3718858,-0.06239753,0.34290487,0.43967476,0.2037512,0.145575,-0.05506886,0.09865999,0.42567638,0.09604428,0.16359945,0.33989412,0.08238793,0.54243386,0.3820847,0.1430899,-0.052214287,-0.60544497,0.37662184,0.071648166,0.3393519,-0.2769948,0.3613048,-0.040525407,-0.1663563,-0.15669528,0.115020335,-0.08845415,0.10091294,0.17092209,-0.14164749,-0.46510947,-0.19462498,-0.109194346,-0.34901848,0.18999785,-0.23695341,-0.3325077,-0.14094883,-0.43157724,0.18803717,-0.29184765,-0.13060659,-0.47154522,-0.32290477,-0.0401001,-0.14416818,0.2330006,0.32213384,0.08665137,-0.0875962,0.21762787,0.26494408,-0.1422113,0.13794015,-0.42741057,-0.141953,0.37972543,0.04600845,-0.17907362,0.09578869,0.2654919,-0.38808414,-0.48022357,0.25042194,0.5345347,0.061344404,-0.09967517,-0.10594195,0.117090054,-0.19118457,0.04200036,0.07984659,-0.06093945,-0.24818774,-0.42703477,-0.08060773,0.016043017,0.3746102,-0.17182003,0.2121994,0.0853435,0.07468682,0.18171848,-0.2418997,0.17837387,0.08618163,0.01472876,-0.019872399,-0.048156112,0.07991465,-0.11212149,0.18773933,-0.030961845,-0.3522577,0.048750594,-0.08540236,-0.25744447,0.13908516,0.18914632,0.5012476,-0.22696324,-0.13710779,-0.01648532,-0.15018973,0.0072069103,-0.03161059,0.04033387,0.2756678,0.057215262,0.003788396,-0.16580942,0.0759491,0.08094755
0.5871318,0.22437465,0.5638897,0.24431221,0.71368057,-0.33958122,-0.13593349,1.1050746,-0.14521351,-0.23692575,-0.025717108,-0.47536084,0.07417962,0.43086648,0.03284581,0.6671077,-0.49729946,0.6473106,0.015781244,0.28803664,0.22704116,0.08866321,-0.24545024,-0.019294541,0.36398292,0.09283084,0.015344569,-0.319514,-0.7463434,-0.15424438,0.12625322,0.55906963,0.48047948,-0.19264029,0.1473964,-0.35306117,-0.45329112,-0.18154837,-0.20517151,0.41970035,-0.34828722,-0.14439255,0.34848374,0.0046890797,-0.09390321,0.22212681,-0.12922326,-0.21966827,0.22045928,-0.19672173,-0.47586226,0.28104955,-0.10534296,-0.45409888,0.28454697,0.59557486,0.43942535,-0.56550485,-0.19266689,0.17558359,-0.02193633,-0.20561296,-0.1698881,-0.13119577,-0.098474614,-0.1506612,0.3282932,0.49339822,-0.79734534,-0.23894125,0.20312433,-0.4461949,-0.11430202,0.31972638,-0.22551551,0.2584872,-0.28853795,0.4719654,-0.102926515,0.15972668,-0.41640842,0.5253376,0.5380118,0.24006249,0.38010606,0.047086548,-0.19344854,0.11594691,-0.18166594,0.39242592,-0.08646956,0.25344685,0.2365807,0.054777827,0.3949487,-0.80832565,-0.55272275,-0.34832615,-0.3892875,0.4426602,0.43195435,-0.6616622,-0.06730655,-0.3080912,-0.10538606,0.09710319,-0.60634613,0.061283976,0.21923275,-0.122535065,0.1826674,0.27382144,-0.068560936,-0.6124375,-0.18314348,0.20986216,-0.09372201,0.12140713,0.1675324,-0.19355044,-0.33906746,0.3206538,0.20226477,0.15150926,0.5144381,0.01394523,0.06083231,-0.4387377,0.26506317,0.3382454,0.22070828,0.4313643,0.3071045,-0.20746116,0.24773054,-0.08514506,0.10968565,0.204347,0.3233124,-0.36981955,-0.09409413,0.2023765,0.20023188,0.28972226,0.3224866,-0.10863257,-0.031532064,-0.026246607,-0.21004988,0.50939065,-0.35152596,0.048269764,-0.84465134,0.019549405,-0.17476982,-0.50939894,-0.1533279,-0.23141243,0.42090857,0.3954026,0.22655457,-0.4288974,-0.25388753,0.26281062,-0.18337563,-0.006003026,0.28834784,0.13139586,-0.22111046,-0.21767356,-0.022507738,-0.5312307,0.090086654,0.44945565,0.43711174,0.56543064,0.15828583,-0.16428524,0.17401108,0.8151616,-0.4096246,-0.05405498,0.3969912,-0.17526042,0.23434605,0.4923299,0.74105716,0.04951577,0.64237493,0.24679373,-0.85510737,-0.24614353,0.29734924,-0.21069263,0.4620491,-0.53027266,-0.43357307,-0.23768845,0.24321398,-0.17003511,-0.00042528939,0.52546674,-0.12085145,-0.5151483,-0.849502,0.51797616,-0.27483493,-0.21502861,-0.5697432,-0.13378908,-0.11975987,0.2997817,-0.24643937,0.11436417,-0.27623352,0.060147863,0.010471071,-0.2910946,-0.021407202,0.3230034,-0.18325505,-0.38785243,-0.0502988,0.056882,-0.5554788,1.1539546,-0.07908748,-0.52185035,0.55977964,-0.06373054,-0.13483877,-0.056962486,0.16129911,-0.3695262,0.5616987,0.3966216,-0.13740245,-0.6913649,0.40908745,0.4842473,-0.49964464,0.39199173,0.36566284,-0.032998636,-0.18204275,0.31348383,-0.49083012,-0.14753447,-0.10419444,-0.2994503,-0.0076180478,0.07034354,-0.22177395,-0.5956136,0.16699375,-0.29524207,-0.0014361533,0.335321,-0.52688104,0.21080086,0.05225395,0.33407167,-0.07663886,0.10092473,0.24785818,-0.26718637,-0.18908237,0.21642734,0.3355397,0.43600532,-0.060104564,0.04257313,-0.1581146,0.75243956,0.37768298,-0.49309543,0.17031063,0.06863972,0.26558313,-0.355543,0.2668788,0.23389196,-0.26557812,0.076570705,-0.18557173,-0.18746719,0.54179734,0.4067553,-0.3359626,0.028094104,-0.09690378,0.22225839,-0.45970756,-0.32947004,0.9234707,0.25588906,0.03271069,0.07063494,-0.3301088,-0.17507996,0.0016536317,-0.033950698,0.22433151,0.30652755,0.1888618,0.115850516,-0.51560545,-0.87430024,-9.596888,-0.17496231,-0.40694493,-0.2121507,-0.04507564,-0.5041755,0.16428514,-0.016097698,-0.2752139,0.059864208,-0.20968927,-0.30761203,0.4698315,-0.5035587,-0.586157,0.0070828055,0.41485757,0.60358655,-0.29119596,0.54971814,-0.41273198,-0.14963812,0.5973243,0.23020327,0.4074089,0.4163425,0.26747066,-0.21143185,0.3173228,-0.19377825,-0.09220913,0.12164074,-0.48032105,1.0622009,-0.043990105,0.16134268,-0.012342547,-0.55596906,-0.009068106,-0.09863105,0.2814784,-0.33501583,-0.53777045,0.08641587,0.803313,-0.9085569,0.014182712,0.43834504,0.13797146,0.25763252,-0.26237848,-0.14367224,-0.02735041,-0.54164374,-0.015950456,0.1448521,0.0016499705,0.9788624,-0.22260702,-0.282642,0.61567324,-0.08902399,-0.2866942,-0.028028639,-0.33381036,-0.5057512,-0.5623281,-0.72519433,-0.3933829,0.062058162,-0.44861546,0.34597024,-0.08621465,-1.2458209,-0.5466988,0.018750507,0.091712415,0.5606315,-0.57756203,-0.30591,-1.2400281,-0.002176139,0.17875063,-0.16406742,-0.7371528,-0.494786,-0.4265377,-0.21038894,-0.63392353,0.29227164,0.16942474,0.048891492,0.36954075,-0.0038093948,0.085266955,-0.17988837,0.14656273,-0.4059072,-0.1808138,0.11382102,0.26885134,0.2592863,0.2697146,-0.46478546,-0.36444128,0.16922623,-0.30415258,0.12050802,-0.33889583,-0.037207212,-0.48656842,0.114704475,-0.55475706,-0.08631554,-0.45765424,-0.14176202,0.07320368,0.22028138,-0.0593436,-0.59335387,-0.739966,0.47354046,-0.5200857,-1.0616374,0.22123726,0.018420119,0.12318962,0.001142296,-0.06979764,-0.5931639,-0.2760284,-0.2467612,-0.22106387,-0.07328156,-0.34586126,-0.29510117,0.118186176,-0.46774974,-0.19448112,0.37901515,0.51114255,0.39604324,0.22767873,0.1927128,-0.06645371,0.05109153,0.13976042,0.060100865,-0.38087764,0.38943923,-0.74784,-0.38814044,0.13278992,0.0147762,0.108027264,0.10534658,0.6509185,-0.21021344,-0.13336451,-0.5537381,0.10922933,-0.121427596,-0.10344911,0.398316,0.31797698,-0.14088608,0.13361986,0.23090753,-0.010541404,-0.1274462,-0.20897877,0.67555887,0.24671909,0.39343116,0.16839951,0.6141325,0.30547827,-0.4902159,-0.026212925,0.2509746,0.17085722,0.21925741,-0.049419418,-0.43573567,0.34180814,-0.18569496,0.48093376,0.25068724,-0.03839689,0.25040507,-0.48907188,0.7446782,0.04614185,-0.6022671,0.10613999,-0.7902058,0.54572314,-0.15429041,0.2219199,0.5335015,-0.30504587,0.13720308,-0.6979242,0.10173846,-0.4993379,0.37277824,-0.038608156,0.020255132,0.5047294,0.18250045,0.05182746,-0.6027246,-0.31606627,-0.4218133,0.32396996,0.0017941435,-0.20367719,-0.6418255,-0.8574612,0.036956478,-0.45036447,-0.0143043045,0.37235397,0.38553947,-0.02266007,0.25862813,0.47665963,0.0059127235,-0.23025957,0.09908278,-0.040568534,-1.4911968,0.35139737,-0.0147635015,-0.020845303,0.11129094,-0.298785,-0.053735062,-0.049998645,0.0064443243,-0.56138617,-0.5977797,-0.20108978,-0.60559934,-0.28030056,0.27434865,-0.43845466,0.21283466,-0.061040487,0.026875379,0.44216213,-0.05212646,-0.0050757886,-0.58291036,-0.09588316,-0.5112983,-0.44873554,-0.1654922,-0.26714784,0.3325883,-0.3736189,0.313633,0.15257531,0.37710616,0.13465996,0.24822344,-0.033517994,0.30045184,-0.10278708,-0.44404948,-0.097627535,0.03453687,-0.121406496,0.26385945,-0.1546006,-0.23632602,-0.79910547,-0.25051555,-0.12698843,-0.12817146,-0.435275,-0.2580188,0.03402455,-0.23104382,0.03144647,-0.4007694,-0.041060586,0.21618733,-0.28921267,0.35042426,-0.001811231,0.58203965,-0.39643767,-0.34434623,-0.2746605,0.69405854,0.66335785,-0.3811208,0.22613049,0.15277877,-0.19908877,-0.36839622,0.8209665,0.08763641,0.14349398,0.35441756,-0.1852898,-0.1592621,-0.0312246,-0.16100979,-0.49882376,-0.41703522,0.57484156,0.6191933,0.015949959,-0.60566795,-0.7245784,0.22003058,-0.5758287,0.08448966,-0.27439892,0.20227818,0.563186,-0.18875656,-0.18972743,0.3566741,-0.090946935,-0.41173157,0.40796527,-0.17476077,-0.48782977,0.106069714,-0.048515476,-0.10592938,0.05499568,-0.28751847,-0.30039927,-0.004711677,-0.2676785,0.4301899,0.16463125,0.10439002,0.0541423,0.470961,0.13070643,-0.04002729,-0.5136071,0.2888772,0.5468383,0.45682937,-0.014251793,-0.17750674,-0.084598705,0.21417895,0.23214373,-0.28007275,0.4096154,-0.064060956,0.30382064,0.6702025,0.28006855,0.41256642,-0.05821676,-0.5584883,0.29312485,0.06712945,0.39021707,-0.067056954,-0.09660099,-0.045298148,0.1508118,-0.13778092,0.4838562,-0.057670247,0.08531992,0.36383122,-0.0501249,0.21383,-0.2661145,-0.12514044,-0.2725853,0.040496185,-0.65484643,0.14994156,0.045568887,-0.22519028,-0.0168207,-0.42661446,0.13879116,-0.56506,-0.15394844,0.0067432355,-0.52220786,0.15994617,0.34937572,-0.17116846,0.08890524,0.3644657,0.35296562,0.0680901,-0.09550943,-0.5955227,-0.23432894,0.10164483,0.10649728,0.03485009,-0.12047277,0.23769037,-0.9023171,-0.03810349,0.22146134,0.47246283,-0.04296808,0.01688372,-0.008618248,0.19732538,0.40140983,-0.42127448,-0.38297486,-0.24543165,-0.47477984,-0.27570945,-0.079080604,-0.51932997,0.5630621,-0.17504802,-0.31585172,-0.018776048,-0.19581856,0.101324245,-0.35272548,0.38449165,0.43285924,-0.04101455,-0.41091096,-0.053074576,-0.10620819,-0.16094366,0.2462424,0.4133436,-0.095414475,0.2521915,-0.1432451,-0.17500478,0.104159445,0.0863038,0.29978204,-0.23344381,-0.65714705,-0.40217674,0.04115457,-0.28919503,-0.51310563,-0.16566324,0.54472697,0.292037,-0.3946115,-0.5476641,0.32470337,-0.091889046
0.4377203,-0.61221755,0.43759337,0.06685631,0.19994402,-0.3554946,0.40391633,1.076316,-0.17381656,-0.36649066,0.13039571,-0.022028225,0.015674537,0.08468166,0.14816402,0.5295907,-0.31346333,0.28912097,-0.018236374,0.44911286,0.0035620802,0.16386014,-0.12856609,0.07534918,0.47987634,-0.35901347,-0.20383519,-0.13733035,-0.35680094,-0.071742296,0.34915784,-0.12250731,0.29226342,-0.07224191,0.12779783,-0.4744651,-0.25812155,-0.3108084,-0.32991996,-0.074839324,-0.4298142,-0.5718877,-0.03957031,-0.14386626,0.04927273,-0.022817843,0.240745,-0.22811861,0.67321175,-0.25391808,-0.4490152,0.29157847,-0.29372028,-0.17248142,0.019947225,0.13399692,-0.01667036,-0.2783076,-0.40653774,0.26455852,-0.53196734,-0.10509083,-0.28177026,-0.10859693,-0.28976077,-0.24857229,0.08399283,0.2590903,-0.37135923,0.08617496,-0.06180792,-0.32911944,0.29359302,-0.17690884,-0.14039737,-0.12618747,-0.70106924,0.03032845,-0.02868494,-0.054634586,-0.07830281,0.58902425,-0.09251664,0.04557322,-0.09021252,0.25627738,0.18336855,0.4075297,-0.52500784,0.44442108,-0.19233385,-0.22338143,-0.1118761,0.40803802,0.73828626,-0.5781664,-0.2635312,0.0037626496,-0.23843321,0.003877085,0.5218979,-0.30741194,-0.23673512,-0.758058,-0.0068027745,0.4521365,-0.22038594,-0.3348994,0.7704713,0.29439694,-0.1124476,0.15258707,-0.25109097,0.10053622,0.15557148,0.14690273,-0.22724845,0.04150864,0.27085117,-0.28983468,-0.38218984,-0.17956746,-0.025034267,-0.013575481,0.79065734,-0.14245659,-0.17569767,-0.32054958,0.24817386,-0.26762387,0.006137912,0.17738834,0.5724413,-0.048283443,-0.07256527,0.15219642,0.584722,-0.25589517,-0.39692038,-0.09565022,0.037627667,-0.13893263,0.14156212,0.524375,0.015508788,-0.028818047,-0.119778946,-0.108363114,0.051472284,0.10768628,-0.4964221,0.03585713,-0.33921987,-0.2007763,0.14931004,-0.4736308,-0.38300028,0.24746215,0.32158417,0.20248617,0.034449436,0.079970695,-0.12829228,0.24175934,0.14216205,0.090946175,0.12067266,0.26777703,0.06709408,0.041881304,0.073001884,-0.16080885,0.3086971,0.3283477,0.497586,0.04745501,0.23405199,0.013918631,-0.18665452,0.15977916,-0.61668247,0.2843254,0.23178491,-0.76916635,-0.36383113,0.36097148,0.1290031,-0.35852855,0.3147186,0.28664052,0.21764505,0.43099725,0.19604068,-0.13971001,0.24149635,-0.38392663,-0.47280085,-0.1527538,-0.10362064,0.17541619,-0.2715784,0.021903923,-0.028055657,0.027591044,-0.14201963,0.16348615,-0.120119125,-0.34374723,-0.53806853,0.22823349,-0.5249407,0.19492142,0.07286902,0.3447559,-0.22973233,0.038999423,-0.17428212,-0.24767694,-0.34574977,0.0043730573,-0.023232432,-0.12740427,-0.3065603,0.14339758,0.17145877,0.46926907,0.16460393,-0.34169036,0.27584788,0.22046445,-0.011310433,-0.28173673,0.096104756,0.07973812,0.3657551,0.36488378,-0.23757043,-0.34026992,0.14344646,-0.17173801,-0.17613737,0.0044693295,0.1234478,0.043386154,-0.18346821,0.4247851,-0.44175956,-0.2852304,0.091718175,-0.04163672,-0.72153467,-0.3784466,-0.32876727,-0.28063127,-0.1141493,-0.28072602,-0.43437362,-0.29683575,-0.44319198,0.37037113,0.48392245,-0.08288236,0.25551793,0.3313453,-0.0737574,-0.11047752,0.042871185,0.14515756,0.3117892,0.4526152,0.031827293,0.04212086,0.40100756,0.34039935,0.29492807,-0.42032662,0.26534468,-0.031078357,0.33984807,-0.49718174,-0.015860546,0.43679962,-0.45463443,0.13138467,-0.17067608,-0.011296269,0.4529551,0.5212175,-0.26377743,-0.027958833,-0.19258976,-0.55656046,-0.33129415,-0.52822095,0.78635126,-0.14338598,-0.01378236,-0.0027816135,-0.5677962,-0.20779549,-0.013393376,-0.1722714,0.5406347,-0.14200878,0.03566816,0.38238725,-0.43457308,-0.5321874,-7.099092,-0.14304435,-0.23431557,-0.3355119,0.5229442,0.22284912,0.39915752,0.027640546,-0.33032373,-0.06301261,-0.375201,-0.17678875,0.17797731,-0.027827322,0.15218832,-0.25917286,0.51591593,-0.001953562,-0.45623946,0.41964775,-0.18502556,-0.09061131,0.35658723,-0.10578514,0.19494684,0.31219146,0.3037788,0.04357946,-0.20286062,0.22814599,-0.042024158,-0.053491537,-0.33932957,0.5354311,0.070898704,-0.086636685,-0.06679183,-0.31821993,0.09695737,0.05992987,0.35932595,-0.5701868,-0.3466219,0.048324656,0.69055307,-0.42780915,0.07469223,0.22414356,-0.12368927,-0.051431872,0.12890814,0.0179506,0.32323456,-0.6098922,0.2782863,0.1525856,0.4161472,1.001793,0.06019195,-0.74454767,0.34408543,-0.44867647,-0.15917622,0.031654734,0.206939,0.029511562,-0.34850982,-0.6024263,-0.23342073,0.05279748,0.016216356,0.62450165,-0.055433664,-1.358398,-0.2542659,0.08414152,0.1620838,0.032495625,-0.17919205,-0.3319137,-0.7994448,-0.3552006,-0.12813346,0.01826338,0.09485251,-0.2412845,0.15424304,-0.34397084,-0.35368392,-0.23227666,0.5139686,0.09101694,0.35997066,0.33797663,0.11725649,-0.095431976,0.37539214,-0.2492209,-0.46887654,-0.21107024,0.0060392283,0.24664272,0.31885245,0.20946348,-0.15650356,-0.08876796,-0.1741398,-0.19544396,-0.077769935,-0.28920278,0.0836615,0.11749437,-0.09793788,0.20509197,-0.16735345,-0.43590873,-0.07497077,-0.00885404,0.024247138,-0.37928545,-0.11967547,0.4365604,-0.34686184,0.11558495,-0.32669967,-0.13416004,-0.077868626,-0.22025667,-0.46274462,-0.14428519,0.17309257,-0.26877767,-0.286637,0.39632744,0.09689269,-0.1925428,-0.010667459,-0.33040288,0.015637392,0.1778017,-0.37946075,1.0299796,0.3215861,-0.2261668,-0.34141865,0.13330738,-0.11194988,0.04471362,0.00037834182,0.31635213,-0.34491652,-0.24855267,-0.3943194,-0.3403138,0.18375681,0.49090004,-0.17829181,-0.27456132,0.10504878,-0.26268825,-0.11267261,-0.014123267,-0.130108,0.48848876,0.29083672,0.6250319,0.29413956,0.12427506,0.14727406,-0.48953754,0.058563475,0.85430354,0.005979492,-0.21810803,0.2505579,0.24898292,0.06291016,-0.41279206,0.11930921,0.022436928,-0.29962692,-0.08170616,-0.012422656,-0.29642934,-0.0904675,0.15298195,-0.1629463,-0.100988865,-0.0026432998,0.3569938,-0.69954854,0.65108764,-0.36968616,-0.23299122,-0.20270784,-0.7419352,0.25350544,-0.24887405,-0.13003297,0.7207914,-0.30342057,-0.17177053,-0.5920145,-0.015323795,-0.27535054,0.19589472,-0.08333579,0.3097146,0.038439736,0.2973981,0.20674957,-0.41219264,-0.23382622,-0.30507284,0.41679218,-0.2875227,-0.46333477,-0.15018627,-0.67276627,0.27922267,-0.20326315,0.01664505,0.1394273,-0.021477217,-0.004568507,0.06904089,-0.057928476,-0.06692037,-0.013443886,-0.012782123,0.057339124,-1.1981041,0.13378282,-0.12254065,-0.5151589,-0.4543193,-0.3203233,-0.11118275,-0.29031986,-0.46361837,-0.42468667,-0.8916406,-0.494688,-0.3869851,-0.5397264,0.06269318,-0.434663,0.49483982,-0.46929553,-0.046617344,0.19301225,-0.043941226,-0.34624046,-0.6983259,-0.18258767,-0.9100442,-0.67962235,0.24689956,0.33391216,0.47411835,-0.0785484,0.03127785,0.076921634,0.010344991,0.18066393,0.007875758,0.09677227,-0.085624285,-0.51766706,-0.81576884,0.17622405,0.056468505,0.2473914,0.03687072,0.24726357,0.16326864,-0.38213933,-0.4479069,-0.0444267,-0.49561933,0.07861241,-0.28464657,-0.22910334,0.054100458,0.11001256,-0.598187,-0.4617775,0.52839863,0.18395881,0.4309594,-0.10843379,0.3079946,-0.3968251,0.32025287,0.3364769,0.2506962,0.54024565,0.037179947,-0.18321683,0.4744493,0.2997843,0.14616123,0.46992433,0.7655685,-0.26864964,0.34162068,-0.0075084036,-0.054696437,-0.25542542,0.38492486,-0.51306206,-0.019406892,0.7506235,0.49003753,-0.36607307,-0.013982651,-0.22236313,0.12860855,-0.69001144,0.30723625,0.2542551,0.092071295,0.4073993,-0.33028853,0.018752677,0.11985285,-0.072811946,0.068405405,0.2514891,0.60483813,-0.6126421,0.4588237,-0.4312751,-0.066800125,0.28095853,-0.0038242114,0.34553254,-0.08972317,0.08251194,0.25257093,-0.12828046,0.43972987,0.7757456,0.595209,0.3440132,0.11170755,-0.2835888,0.42043614,0.41439205,0.26267356,0.31093156,-0.20069975,0.06784863,-0.21674572,0.44163144,-0.21733585,0.15758635,0.15540302,-0.0332573,0.8933498,0.1785919,0.009451065,0.052197967,-0.60181105,0.07643979,-0.109769955,0.564834,0.13562518,0.14889601,-0.012062792,-0.056037415,0.20895705,0.2025913,-0.08492179,-0.18108988,0.48835143,-0.46177715,-0.23332101,-0.31762418,-0.14751995,-0.25967628,-0.09612714,-0.49107552,-0.2847217,-0.33614963,-0.48504448,-0.069937095,-0.6965798,0.07123394,-0.40447417,0.14002675,-0.43951985,0.028531535,-0.31173193,0.15724969,0.41536835,0.3109766,0.41519713,0.2661519,0.2351214,0.12363829,0.14048904,0.016191287,0.07500979,0.010069955,-0.19638687,0.015120614,-0.30555397,0.018148312,-0.36862832,0.096172124,0.60772836,-0.07047524,0.32024324,0.22257549,0.3665206,0.10192738,-0.6124713,-0.17303112,-0.0009365455,0.024357276,-0.26465452,-0.26832896,0.28941622,0.22492519,-0.53759617,-0.28591076,0.24961281,-0.21025367,-0.09219399,0.015749428,-0.03761313,0.1099582,0.0961577,-0.38077173,-0.38174435,-0.00011987034,0.0573222,-0.023257725,-0.15898626,-0.12525234,0.28936693,-0.15822372,-0.04565592,0.14153485,0.060472727,0.15579627,0.07746207,-0.26122713,-0.10688153,0.05817769,-0.23323686,-0.0031921472,-0.25084603,-0.02408612,-0.07619823,-0.21861589,-0.30721804,0.29926717,0.0114312945
0.30410075,-0.008847135,0.65156645,0.14453791,0.5080825,-0.26545468,-0.15183993,0.90557593,-0.4066786,-0.285137,-0.106086865,-0.42501834,0.20745255,0.50959396,-0.34793988,0.6951461,-0.39697498,0.28887314,-0.14610423,0.047231484,0.11534466,-0.11951143,-0.3369582,0.33475804,0.32723567,0.024892911,-0.19351788,-0.41097796,-0.24590081,0.09032028,0.08335148,-0.15267174,0.10808645,-0.19489253,-0.3012711,-0.27115273,-0.44482753,-0.24941605,-0.37383094,0.48527747,-0.020053806,0.05822884,0.21069123,-0.073137075,-0.009036037,0.5549831,-0.070000194,-0.29567274,-0.045438834,-0.5667916,-0.057322554,-0.0689742,0.058990814,-0.56531554,0.49621266,0.37434074,0.24280874,-0.49495733,-0.2275106,0.15649511,0.17922336,-0.3761959,0.11041975,-0.39453587,0.13051501,-0.4041883,0.21715564,-0.0016467518,-0.7076639,-0.10108839,0.2603361,-0.019414814,0.031135457,-0.061801072,-0.41133487,-0.14996165,0.21833763,0.38250554,-0.23021011,0.080450796,-0.4119333,0.38881087,0.17157394,0.39986217,0.37074637,0.16397366,-0.070227645,-0.2232659,-0.11711311,0.5210423,0.18100338,0.30552933,0.33137897,0.13430281,0.13089624,-0.6302086,-0.4046339,-0.23143364,-0.036842156,0.16212375,0.3842801,-0.7167841,0.026937978,-0.15399788,-0.4543438,0.12185461,-0.09433679,-0.14585562,0.26982442,0.4186676,-0.120505616,0.30043256,0.13448846,-0.68603736,0.19561824,0.024028767,-0.570357,0.28421727,0.21996948,-0.3793789,-0.41094777,0.14483103,0.255131,-0.18916754,0.3555099,-0.3423584,0.11364436,-0.1920143,-0.21124677,0.21210991,0.57343215,0.008137921,0.28742114,-0.12389632,-0.08009615,-0.37862164,-0.08630524,-0.35946822,0.3588536,-0.4610983,0.24994358,0.029314904,-0.008859813,0.08667198,0.3157762,-0.2420949,-0.14095767,0.0970471,-0.040744957,0.8305157,-0.40485027,0.2829958,-0.52257735,-0.19087557,0.12940998,-0.29615542,-0.0726656,-0.115910836,0.65478104,0.4296255,0.22211571,-0.06584015,0.50454634,0.5079232,-0.062321752,-0.23281172,0.12609144,0.37555572,-0.10182649,-0.27771184,-0.16845056,-0.67211616,0.07786366,0.19128096,0.21022414,0.38550195,0.60793746,-0.54942566,0.29058284,0.8382708,-0.60412586,-0.220865,0.63899493,0.06404589,-0.30943832,0.5326713,0.33289883,-0.35669014,0.7659165,0.33832207,-0.55483824,0.03516264,0.17555366,-0.4733187,0.19075197,-0.3744797,0.23094001,-0.050410915,0.6155029,-0.07732707,0.071092345,0.29847643,0.3096364,-0.22200538,-0.051698066,0.51556087,-0.19237356,-0.016524669,-0.565102,0.31741017,-0.1211223,0.56435686,0.012684863,-0.023997776,0.050282218,-0.275698,0.02110831,0.07638958,0.12091856,0.090084985,-0.54365087,-0.12069233,-0.014012648,-0.14502764,-0.4746166,0.8947209,0.2384827,-0.42484885,0.48832107,-0.054450464,0.0029804963,0.03219134,-0.08600387,0.063924454,0.49898612,-0.033061277,-0.15892258,-0.4953852,-0.008022477,0.17515562,-0.25254294,0.46788526,0.34129512,-0.07543972,-0.009554037,0.758136,-0.28013453,0.06626516,-0.13400634,-0.10424866,-0.13039348,-0.42903554,-0.07905954,-0.4400219,-0.67593175,-0.47488365,-0.17533079,-0.34830612,-0.15958856,-0.083185785,0.13124679,0.037663355,-0.03208748,-0.42199272,0.35153905,0.23413466,-0.2445428,0.16286282,0.07950629,0.38629434,0.16151285,0.44682083,-0.12827547,0.6805237,0.06464359,-0.4236622,0.157808,0.35396612,0.015307677,-0.067627616,-0.34323788,0.79608124,-0.6131799,0.2341385,-0.087644674,-0.50399214,0.11631589,0.3510838,-0.061523557,-0.22469205,0.0010067056,-0.08732223,-0.3619669,-0.26860765,1.169788,-0.039077032,-0.21112269,0.19154869,-0.59608406,0.4155854,-0.14983852,0.20815495,-0.059010744,-0.17653131,0.27959654,0.056519803,-0.7604225,-0.54925174,-7.9832172,0.08520066,-0.07001408,0.00534629,0.1610098,-0.2518234,0.07140183,-0.07305803,-0.29299173,-0.14681746,0.20659499,-0.841795,0.19741213,-0.31075552,0.037501078,-0.234492,0.16651645,0.62329596,0.08055697,0.41206828,-0.34147507,-0.1510169,0.8336994,0.26952326,0.539407,0.35293216,0.044439234,-0.0703293,-0.16689003,0.13292126,-0.28280663,0.004022088,0.100745104,0.84235275,0.08367454,0.18079805,0.111108676,-0.73811793,0.08337606,-0.3152205,0.17331623,-0.6559145,-0.3195969,-0.07182361,0.32726535,-0.4381327,-0.039837703,0.049308866,0.33506504,-0.19380552,-0.13328585,0.2592634,-0.16772263,-0.58752817,-0.015481225,0.064541996,-0.116675556,0.99713266,-0.7056916,-0.45108232,0.34150398,0.18088202,-0.34236497,0.1802709,0.089647196,-0.23262991,-0.3049972,-0.52011,0.016006893,0.0009027794,-0.5037833,0.12840058,-0.18777773,-1.2700708,0.24489512,-0.2804538,0.07787981,0.46289566,-0.085160315,0.027279818,-0.8934588,0.036196996,0.24371305,-0.30473888,-0.28215617,-0.2382419,-0.3684434,-0.77923167,-0.2993041,0.23298998,0.14496271,-0.29522818,0.5842555,0.2810426,0.25063264,-0.4060763,0.2558586,0.045432977,0.42603913,0.3391913,0.65473115,0.15724212,-0.057824574,-0.23983058,-0.4025921,-0.0063897953,-0.4403772,0.12163517,-0.19908842,-0.5389379,-0.05639904,-0.05140289,-0.21463269,-0.050234318,-0.30113977,0.018336408,-0.21114272,0.19662303,-0.043378904,-0.90430665,-0.17271054,0.5459513,-0.6082285,-0.39281884,0.18500961,-0.077307664,-0.031815503,0.0874899,-0.18130754,0.08385198,-0.18989094,-0.20615163,-0.12988947,-0.45678094,-0.054183684,-0.25046393,0.27895623,-0.37440875,0.036073796,0.17023624,0.42058122,0.414481,0.28979278,0.14129557,-0.050947364,0.0719544,-0.04461382,0.2775298,-0.5724289,0.39215812,-0.5587795,-0.997506,0.19702208,0.6148825,0.32981148,-0.16534546,0.44277936,-0.2411576,-0.09799978,-0.056360845,-0.070904724,0.10285135,-0.097196534,0.51281744,0.30712545,-0.38485762,-0.4140095,0.41731557,-0.29523033,-0.534127,-0.09578687,0.6123758,-0.016303437,-0.10655877,0.040485144,0.6613582,-0.14567623,-0.22614647,-0.1310599,0.14229125,0.5612246,0.48760232,0.15222728,-0.23550087,0.6047025,0.29153192,0.046449292,0.32466066,0.040588904,0.3247061,-0.48509103,0.6216234,-0.44792262,-0.4547442,0.16564499,-0.6328589,0.43587738,-0.62171996,0.13152924,0.46257615,0.23282471,-0.22368118,-0.21412244,-0.03726904,-0.6816305,-0.13229635,0.37522477,0.059703134,0.5270366,0.20658158,0.1972573,-0.35750398,-0.3357283,-0.066307805,-0.007225318,-0.10808499,-0.108671024,-0.40772438,-0.85564184,0.015592699,-0.338607,-0.10792699,0.08645374,-0.073776476,0.13687994,0.31628302,0.054714225,-0.46494588,-0.1974864,0.0014610082,0.4363493,-1.7168567,0.546018,0.06310707,0.11801547,0.122570686,-0.27961215,0.5277379,-0.007514238,-0.16371351,-0.79415876,-0.44565165,-0.33811677,-0.31302977,0.22608435,0.38992798,-0.63889205,0.25815225,-0.25328854,-0.08875906,0.29222852,-0.1531215,-0.053071517,-0.33015606,0.0052242666,-0.55389476,-0.60697556,-0.09736515,-0.2275093,0.42090458,-0.21182424,-0.1951452,0.18583363,-0.23616938,-0.09099971,-0.09067855,-0.07603752,0.31624594,0.018078867,-0.24023171,0.42682603,-0.15179019,0.2608919,0.14432418,0.109016694,-0.24972317,-0.87627167,-0.60347277,-0.043811847,0.14709133,-0.6988394,-0.42198268,0.14004692,-0.20107195,0.16455568,-0.08970016,-0.3610578,-0.07712881,-0.11450277,0.10050962,-0.102911204,-0.026663058,-0.728825,-0.5606021,-0.4143098,0.50817937,0.29637486,-0.34326458,0.71477693,0.25903335,-0.21021393,-0.2832742,0.99632514,-0.17378798,0.013409041,0.10913635,0.18020822,-0.4637899,0.34249416,-0.19777893,-0.4985707,-0.18332474,0.6378336,0.1854015,0.26769227,-0.72976035,-0.12787518,0.045289267,-0.31471223,0.31573272,-0.0975003,0.2661252,0.66176164,-0.49406764,-0.3138291,0.32122344,-0.025375633,-0.24233472,0.63524365,-0.13695164,-0.3764485,0.3477019,-0.21204601,-0.350124,0.23489143,-0.43916795,0.14684898,-0.20852566,-0.0757407,0.21617807,0.44917735,-0.23896179,-0.053785414,0.20799755,0.2984392,-0.18819973,-0.243308,-0.21668263,0.61632776,0.44834387,-0.10477343,0.09987119,0.18267126,0.12936783,0.19554648,0.102153435,0.23566152,0.020814385,-0.013921819,0.5569257,0.15041435,0.4037635,0.37012973,-0.19314569,0.30969396,0.290594,0.1063429,0.15923005,0.20504683,-0.10412071,0.24881192,0.054941002,0.7254081,0.17931227,-0.5181526,0.19526413,0.2867997,0.14576957,-0.43798074,-0.058513477,-0.07640707,-0.27089748,-0.30452788,0.019510977,-0.15286934,-0.53538686,-0.048065677,-0.12296982,-0.19165209,-0.05650879,0.3476434,0.17420706,-0.19431312,0.09840287,0.10059866,-0.4259862,0.4731366,0.1322269,0.5131506,0.24565887,0.11721312,-0.31447905,0.15378498,0.04531721,0.036948703,-0.10974602,-0.4606124,0.24588019,-0.41693002,-0.09302985,-0.34930763,0.016935382,-0.18656552,0.27607867,-0.015247418,0.007683588,-0.068692476,-0.9083844,-0.60178965,-0.11455883,-0.35578984,-0.1045057,-0.17055841,0.3973085,0.12378754,-0.42783996,-0.087497264,0.095696695,-0.33269134,-0.15992495,-0.106776275,0.5065431,0.37892514,-0.3650785,-0.1303222,0.2233585,-0.37970054,-0.5142328,0.0823718,0.48864484,0.20756297,-0.018001681,-0.53913075,-0.47449312,-0.17712104,0.67559224,0.25025296,-0.41335312,-0.31768346,-0.2253514,0.1061138,-0.3782678,-0.4785553,-0.37204683,-0.2750421,0.0085372,-0.17675565,-0.77764964,0.23079513,-0.052143387
0.50660133,0.12313192,0.42634782,0.11822066,0.71610063,-0.061636876,-0.0966444,0.87721914,-0.16334575,-0.3407422,0.14345078,-0.13706046,0.18150814,0.37119853,0.053950664,0.5894695,-0.5235873,0.55280477,0.086190835,0.3349167,0.04910169,0.09515392,0.05143503,-0.12860388,0.44584462,0.0627362,-0.036334265,-0.3735609,-0.26342574,-0.3153093,0.2538529,0.17691702,0.42802134,-0.00042137146,0.17692909,-0.2996239,-0.2296913,-0.152199,-0.041966233,0.4582107,-0.49658805,-0.18950284,0.079470344,0.057779826,-0.02104426,0.28130987,0.001465275,-0.35651845,0.47646043,-0.22786349,-0.30345783,0.23823464,-0.17472675,-0.51056343,0.25628078,0.6040792,0.20062914,-0.33285806,-0.35074532,0.347862,-0.3402594,-0.30228665,-0.009307089,-0.1269781,-0.21201806,-0.04026341,0.3130629,0.59430605,-0.5627687,-0.51828253,0.3522147,-0.20118013,-0.05864445,0.18267141,-0.21054658,0.015500929,-0.41837052,0.46962276,-0.02454228,-0.25178468,-0.42693573,0.50305283,0.49189776,0.34200746,0.38426265,0.03115958,-0.083916895,0.059783157,-0.33894444,0.32814926,-0.05575027,0.2382677,0.21434027,-0.00010883719,0.5221416,-0.8236323,-0.64063835,-0.10377943,-0.46347642,0.6384619,0.7717031,-0.41150144,-0.17477623,-0.38596386,-0.004452975,0.2172007,-0.41996896,0.1108704,0.30950266,-0.29448232,0.34015033,0.1434343,-0.116232336,-0.68079877,0.086326696,-0.099435866,-0.17294788,0.33026883,0.12169847,-0.16349436,-0.09318811,0.10734501,-0.15132865,0.105517425,0.36283752,-0.104835644,-0.094597824,-0.5419188,0.23874971,0.12181806,0.3709342,-0.058127314,0.28474367,-0.3701548,0.12934738,-0.023842786,0.347858,0.19935976,0.22242203,-0.21287775,0.09332091,0.21869618,0.051184718,0.24801971,0.42271876,-0.11258147,-0.20409341,-0.20063142,-0.25558704,0.512664,-0.50436896,-0.07783467,-0.5677841,0.06876248,-0.33711538,-0.6770701,0.019350104,-0.02449349,0.4484937,0.2890848,0.0036116063,-0.4712609,-0.071373574,0.09944718,-0.34999597,0.035601124,0.10692165,0.3053418,-0.41447446,-0.19368717,-0.054158296,-0.42459804,0.33357182,0.30225772,0.6202709,0.39182517,0.17338793,0.18371834,0.09248448,0.665586,-0.35688695,-0.025582451,0.7156947,-0.037573606,-0.06283203,0.3851124,0.46076244,-0.037254315,0.5282336,0.29952496,-0.61960864,0.14343493,0.2572825,-0.26943153,0.33773792,-0.43878815,-0.35988086,-0.31005666,0.14251138,-0.18834108,-0.15533794,0.39689693,-0.038912974,-0.17823423,-0.8895596,0.27367383,-0.19261669,-0.33658877,-0.5413519,-0.21555294,-0.29127657,0.21626718,-0.24917683,0.3034947,-0.2440873,-0.15868868,-0.0277219,-0.30558413,0.18684706,0.4369232,-0.19238293,-0.08806262,-0.16387516,-0.22952098,-0.3867155,1.0385948,-0.14059883,-0.6762742,0.2539539,-0.18773563,-0.2576972,-0.21771349,0.03692938,-0.18011492,0.85105836,0.35395434,-0.18289472,-0.939237,0.24357156,0.24356179,-0.3428895,0.015030542,0.36316222,-0.04805761,-0.0636985,0.53359556,-0.35240996,-0.13531026,0.079715,-0.14057493,-0.23182738,-0.35012272,-0.48355713,-0.57383204,-0.2113715,-0.37558785,-0.006555626,0.25501892,-0.5757959,0.04707159,0.3042723,0.19079371,-0.0066405805,0.055226225,0.2912465,-0.095072314,-0.19749796,0.21886729,0.2145297,0.53786886,-0.04960017,0.20479566,0.20706059,0.87337255,0.16195025,-0.27898306,0.38367084,0.25077617,0.07147123,-0.33711746,0.2560205,0.260912,-0.32840937,-0.11570195,-0.15236922,-0.27517965,0.5455425,0.4051909,-0.67345566,-0.029130496,-0.12358273,0.029270045,-0.46945667,-0.15314217,0.9086015,0.12556157,-0.028390456,0.20928983,-0.48113987,-0.25654516,0.17719191,-0.062443666,0.06700498,0.43723252,0.29472435,0.10370906,-0.33151588,-0.895188,-8.396219,-0.27163994,-0.36551178,-0.41326982,-0.038012348,-0.4618315,0.26901528,0.0648658,-0.3830731,-0.0068524964,-0.20598277,-0.28310165,0.3864959,-0.42981654,-0.3566697,0.08225808,0.37752572,0.3824066,-0.44680762,0.40430495,-0.4168226,-0.16616295,0.6374587,0.27902514,0.4733035,0.39588773,0.49405003,-0.14297529,0.19299018,-0.14123875,-0.14860073,0.105392925,-0.3955622,0.6890101,0.0687402,0.0017697193,0.046672866,-0.67196953,0.11412732,-0.027497716,0.12232471,-0.6543515,-0.61699075,-0.04918737,0.96439624,-0.7422559,0.15046668,0.32936096,0.1483892,0.28827977,-0.08814774,-0.039116144,-0.016349655,-0.6780394,-0.07059409,0.37181705,-0.1071663,0.93999565,-0.0759194,-0.3315852,0.449214,-0.031113291,-0.14708973,0.297808,-0.44717574,-0.46768796,-0.45010632,-0.6147991,-0.5871694,0.23007858,-0.28586522,0.4813221,-0.16028777,-1.261375,-0.50765526,0.014150373,0.11201627,0.3351168,-0.39269352,0.036440756,-1.1788231,-0.16078283,-0.09518611,-0.029366953,-0.40533966,-0.41541207,-0.6314335,-0.39008793,-0.3538554,0.20955163,0.110467106,0.033402685,0.58431727,0.19186577,0.20926255,-0.46253383,0.36701226,-0.35728222,-0.45517004,-0.04332714,0.40269625,0.19474858,0.47160175,-0.6393327,-0.05376419,-0.19367771,-0.3721328,0.07839519,-0.3790877,-0.015227055,-0.20802456,0.26498988,-0.36379573,0.066260874,-0.49499822,-0.21286958,-0.01238083,0.2980774,-0.3043733,-0.5990458,-0.43569773,0.3027173,-0.50611913,-0.75925875,0.12512416,-0.027029447,0.13298972,-0.1580875,-0.035422754,-0.30086842,-0.3635859,-0.18307006,-0.3585672,-0.048633248,-0.42192745,-0.41534835,0.0919502,-0.36686543,-0.16835293,0.66415,0.34067425,0.6228998,0.055493154,0.072398536,-0.08434901,-0.12763059,0.09726211,0.28590354,-0.37057453,0.55521256,-0.51228225,-0.4009346,0.12123846,-0.20022744,0.36912268,0.0019495084,0.5801707,-0.28525847,-0.12757832,-0.49343568,-0.06362368,0.060819205,-0.00948466,0.51383036,0.25320247,0.016142026,0.05592503,0.12421141,-0.11988068,-0.18485227,-0.107524626,0.3530878,0.53350747,0.088211976,0.040635336,0.5976434,0.2565353,-0.50990415,-0.030302396,0.057000604,0.034112852,0.20303434,-0.1637412,-0.61891145,0.27328193,-0.050070945,0.3569798,0.10695073,0.012348163,0.37968045,-0.95421356,0.63492846,-0.13662785,-0.50015384,-0.018428357,-0.7012089,0.702598,-0.07099253,0.1624266,0.64352906,-0.4043202,0.043076534,-0.739014,0.27196574,-0.44489124,0.40653366,0.036269765,0.13340013,0.45808658,0.28483903,-0.058740653,-0.44604793,-0.2644424,-0.17275597,0.30409184,-0.14794163,-0.10757907,-0.5659377,-0.83059824,-0.12198827,-0.16738918,0.1193855,0.35997063,0.45440808,0.113812596,0.13070959,0.22769757,0.1511735,-0.29240122,0.085343465,-0.03300267,-1.5952594,0.33717737,-0.25702175,-0.081873655,0.30464196,-0.4376639,-0.07119492,-0.23828119,-0.004049505,-0.5879736,-0.46823066,-0.1018159,-0.56163114,-0.10666427,0.543428,-0.29868314,0.32143697,0.02482036,-0.25755906,0.15213071,-0.21574047,-0.06235968,-0.5745474,-0.2398963,-0.49099314,-0.5953998,-0.05879329,-0.08550005,0.31676406,-0.15272637,0.012011195,0.1499319,0.17512348,0.25188798,-0.07265208,-0.09703637,-0.1497901,-0.18258311,-0.67053187,0.013596238,0.10030501,-0.01513324,0.08919352,-0.13075085,0.13439803,-0.75341,-0.046931602,-0.2034519,-0.29365367,-0.5145183,-0.2948251,0.26643202,-0.49498215,0.21088524,-0.29979262,-0.4040774,0.27650768,-0.47958454,0.28332007,0.16800031,0.24677445,-0.25188267,-0.05636033,-0.07131342,0.79399896,0.8803684,-0.5445864,0.2637645,0.278907,-0.06381465,-0.23717847,0.6185322,0.31575444,0.07393851,0.08933148,-0.15588552,-0.3135197,-0.20632036,-0.16696174,-0.5665337,-0.34608757,0.5724572,0.62055373,-0.037470117,-0.57622355,-0.45728505,0.004319543,-0.6655031,0.1930833,-0.26573336,0.4056929,0.55898875,-0.20627707,-0.057628687,0.25783324,-0.08784897,-0.045287274,0.352134,-0.28048167,-0.5538341,0.2819853,-0.11628952,0.04795023,0.044689957,-0.24881487,-0.24426565,-0.16581813,0.010284535,0.47406492,0.05457915,0.09439626,0.4987431,0.62845427,0.3050736,0.08946859,-0.63236505,0.040158644,0.6611573,0.39841175,0.4747444,-0.04515011,-0.16672672,0.21479377,0.21833435,-0.1995974,0.2431396,0.23355657,-0.042599462,0.64746445,0.2125167,0.47156104,-0.06958975,-0.44575882,0.15808052,0.18349537,0.6970308,-0.11805335,0.031824887,-0.050111875,0.121788785,0.032480158,0.5370469,-0.005942607,0.06340272,0.36846146,-0.23461503,-0.014965136,-0.34357858,-0.27038026,-0.14709812,-0.07469228,-0.60967004,0.12550005,-0.0657723,-0.47213516,0.1940777,-0.6225295,0.06659399,-0.4722614,0.00244357,0.17540157,-0.17100301,0.052716278,0.17278363,-0.15013546,-0.14732002,0.4561166,0.15767588,0.11105445,-0.122253075,-0.7319522,-0.12473658,0.44434774,0.20863771,-0.030784618,-0.17520885,0.2354451,-0.6207018,-0.12009501,0.19543135,0.6323012,-0.06533163,0.110499986,-0.0014136233,0.08062526,0.6655149,-0.24118347,-0.3344172,-0.23815718,-0.16316026,0.03005616,-0.34139964,-0.1394008,0.4091078,-0.29281,-0.30448616,0.12629497,-0.38874844,0.19545563,-0.45166707,0.24842581,0.37403357,0.03688532,-0.19331992,-0.2108664,-0.21868585,-0.16014269,0.18662067,0.35670978,-0.09308666,0.13282777,-0.096138954,-0.17064123,-0.02256047,0.06306921,0.29229182,-0.2109167,-0.5269548,-0.34751004,0.07892871,-0.26567283,-0.2667617,-0.00038820758,0.25896317,0.27220246,-0.48392665,-0.6504038,0.24434592,-0.08697322
0.52333534,-0.012639767,0.81805,-0.03644634,0.19957529,-0.1087284,0.040620226,0.6653276,-0.098123096,-0.21644527,-0.17957172,-0.37139767,0.023926841,0.6892775,-0.0042864727,0.8083895,-0.22478896,0.4423919,-0.17876162,0.26017198,0.2341083,0.065655366,-0.12996049,-0.31987685,0.2815145,0.044417944,-0.26998317,-0.46225584,-0.4068651,0.05446583,0.18902189,-0.07278447,0.33018193,0.095479175,-0.18271995,-0.19206709,-0.5299776,-0.2514712,-0.15841193,0.3744194,-0.2732816,-0.06387606,0.16919269,0.15709174,-0.3132099,0.3578963,0.060236637,-0.27373257,0.017239813,-0.3879727,-0.28314027,0.37745684,-0.040638033,-0.4666277,0.10174868,0.4763385,0.15382749,-0.461806,-0.13198692,0.14865257,0.004960799,-0.1428499,0.109287865,-0.2148367,-0.31016114,-0.18048483,0.13600817,0.59265316,-0.5644179,0.066178255,0.2821693,-0.04889376,-0.0028479272,0.22448684,0.12455156,-0.11557996,-0.10839591,0.793626,0.05544052,-0.16751172,-0.34466806,0.28088772,0.39781025,0.21137954,0.119494624,0.05628568,0.22648725,-0.042434786,-0.32635862,0.26077577,0.16112688,-0.04923022,0.0934443,-0.0479601,0.4595664,-0.7086082,-0.40866268,-0.45195568,-0.25444984,-0.14566344,0.67237365,-0.77625334,-0.05541372,-0.41008103,-0.37891972,0.067459874,-0.37140843,-0.27783194,0.2758268,-0.023015983,0.14754505,0.35386282,0.13930309,-0.7271289,0.13735344,0.3977267,-0.14299956,0.12229964,0.3000255,-0.3968714,-0.0565886,0.14542483,-0.0043596006,0.06971085,0.32498026,0.20593734,0.10519648,-0.3598632,-0.2271306,0.38904333,0.40696052,0.28764188,-0.09136383,-0.101346105,-0.11318285,-0.07357789,-0.025058806,-0.29793608,-0.004199647,-0.4338318,-0.31318006,0.064223,-0.022502229,0.13198833,0.61556476,0.08585724,-0.3184477,0.26635975,-0.2391574,0.76882815,-0.39349002,-0.07360931,-0.542918,-0.3490616,0.07368697,-0.5017216,-0.15157615,0.009432238,0.4004517,0.26297727,-0.0029369586,-0.06278497,0.046364006,0.30083564,0.4774273,-0.29099303,0.5474794,0.17165428,0.27535868,-0.2621558,0.23576234,-0.7155873,0.10222911,0.18215321,0.23021613,0.58703256,0.166918,-0.18539828,-0.049424805,0.99344134,-0.6267926,-0.25674218,0.2677523,0.0938715,0.017668258,0.20576452,0.5457994,-0.16353951,0.1647442,0.4408539,-0.54079396,-0.11065934,0.32210454,-0.29039946,0.5287898,-0.3543248,-0.26544818,-0.12607868,0.6654001,0.06412076,-0.021000998,0.41647968,-0.08027473,-0.15893506,-0.28664333,0.6090143,-0.16840516,-0.07584737,-0.73613447,0.09351952,-0.34497917,0.32544878,0.1864699,0.19960895,0.124488,-0.23971514,0.41381824,-0.16027197,0.088326596,0.01717566,-0.34538922,-0.07189929,-0.4321989,0.031836763,-0.63623756,0.7826343,0.3200978,-0.39167425,-0.046043027,-0.056003466,-0.03903487,0.08214767,-0.08349449,-0.05517727,0.28981096,0.709112,0.0019875758,-0.5746337,-0.022933591,0.12912847,-0.36222053,0.39753693,0.30332038,0.09847603,-0.5330911,0.55977947,-0.025253749,0.19367184,-0.12459395,0.20669265,-0.35519812,-0.39668304,-0.20593873,-0.46868485,-0.06568879,-0.3036091,-0.20075321,-0.047024786,-0.5505837,-0.1960941,0.5825097,0.11270717,0.11329403,-0.035882723,0.2365909,-0.15223679,-0.0726133,0.38079005,0.30695763,0.025183849,-0.18116997,0.13653591,0.049385026,0.5817454,-0.051980793,-0.22841488,0.28594697,0.21570611,0.33384922,-0.2808739,-0.2688327,0.5384515,-0.46750566,-0.08225231,0.09626734,-0.37553427,0.33898658,0.029835196,-0.09425159,-0.06331608,0.07575578,-0.29636165,-0.10352656,0.09049944,0.61622405,0.013194415,-0.029078197,0.26071665,-0.5511701,0.35049012,-0.27325538,0.10812047,0.26528978,0.18454829,-0.013044096,-0.23910771,-0.27307698,-0.46108702,-8.2156925,-0.21662393,0.035716776,-0.541118,0.11687241,-0.30652505,0.37908658,0.28915355,-0.12386279,0.11037049,0.15222879,-0.23183149,-0.11910644,-0.54824996,-0.6287417,-0.15217005,0.5387706,0.20379728,-0.3368924,0.56191677,-0.4436369,-0.003572409,0.5419861,0.06618487,0.6740884,0.4611441,-0.062066372,-0.036751196,0.04652002,-0.09376825,-0.07520459,-0.09623634,0.030562239,0.8977583,-0.1387834,0.023838438,0.043918338,-0.31246454,-0.093957014,-0.22266592,0.24899577,-0.2871442,-0.58662647,0.10141578,1.0526273,-0.80398697,-0.21149954,0.39252576,0.20789684,0.07016704,-0.1784392,0.060724914,0.1299317,-0.6303171,0.016148426,0.1455853,-0.06251936,0.98082596,-0.28915298,-0.18069974,0.44598043,0.13355577,-0.37857,0.4612253,-0.24089259,-0.17392653,-0.3250862,-0.3526459,-0.39855978,0.10880578,-0.33032316,0.28781247,-0.1309504,-1.3079147,-0.26258016,0.09967156,0.18458194,0.13030924,-0.19615711,0.1328098,-0.96799505,-0.18782471,0.112659186,-0.053933755,-0.37820092,-0.32283852,0.073799364,-0.40627316,-0.27375162,0.46439454,-0.058277216,0.044486944,0.40995347,0.26496136,-0.082690276,-0.27299583,0.39279982,-0.2823345,-0.15721925,0.34183082,0.2076171,0.1815149,0.25656798,-0.3150545,0.14527737,-0.065210626,-0.5903542,0.104985006,-0.21469158,-0.45138672,-0.15240613,-0.02287425,-0.5489044,0.030359084,-0.4729934,-0.11486075,-0.059611484,0.14375706,-0.07973275,-0.55147624,-0.32095268,0.339898,-0.5512928,-0.65107113,0.11560211,-0.14871545,0.13985969,0.28398025,-0.0041492423,-0.16835563,-0.16471106,-0.25972283,-0.23054576,-0.35915244,-0.22555143,-0.2869719,0.298933,-0.3840272,-0.2771865,0.4118785,0.33813632,0.56015706,0.008109083,0.38662225,-0.025096254,-0.04435241,-0.09501972,0.3341604,-0.1501401,0.6542631,-0.16305946,-0.96301574,0.28116012,0.08446265,0.21134335,-0.034958098,0.21301699,-0.3328655,-0.4699486,-0.57809424,-0.20451587,-0.14017941,-0.19190632,0.2168078,0.17394623,-0.14545602,0.0039831926,0.34158424,-0.2137375,-0.726941,-0.039086197,0.61700225,0.16888444,0.30164775,-0.01068669,0.46486464,0.03357519,-0.54402363,-0.2019082,0.12524359,0.15090218,0.2200421,0.14302199,-0.3892869,0.07703275,-0.11196167,-0.19112168,0.06903788,0.16563292,0.14993852,-0.5037465,0.5391243,-0.061224952,-0.760821,0.12029496,-0.29557192,0.72943825,-0.57785076,0.048227355,0.6909058,-0.19214611,-0.11860354,-0.37770024,0.16616802,-0.26238245,0.16201057,-0.056911346,0.17427431,0.32950464,0.12672293,0.26256254,-0.19593386,-0.41573256,-0.41432622,-0.0527956,-0.3453993,-0.21117447,-0.47901222,-0.8124043,0.10958359,-0.03549047,0.09225461,0.1681789,-0.03469552,-0.24482585,0.1229228,0.1867025,-0.35479248,-0.37733528,0.015184378,-0.20336762,-1.3346868,0.29294056,0.0744373,0.03902717,-0.3493107,0.064816564,0.15483986,0.013015303,0.19923367,-0.31953824,-0.5212307,0.14476468,-0.44465658,0.08484939,0.4458023,-0.40482223,0.16341817,-0.12159951,-0.06630521,0.55178905,-0.19963284,-0.0829267,-0.4952697,-0.3273381,-0.43748885,-0.2985117,0.22199973,-0.29559058,0.4353328,-0.29125476,0.327684,0.18663234,0.020270271,0.039558887,0.15543605,0.3390373,-0.08835465,-0.20275441,-0.40730104,-0.029284377,-0.08472946,0.13908567,0.011217263,0.15891622,-0.37119338,-0.8856052,-0.29696867,0.266311,0.026429705,-0.6094389,-0.4562833,0.27300113,-0.13807964,0.24986534,-0.31490126,-0.25236586,-0.11581419,-0.430482,0.20656042,0.1116294,0.3916815,-0.3352747,-0.27447486,0.26906678,0.7072334,0.5665841,0.050996374,0.028258083,0.26556,-0.23770286,-0.61968595,0.8261713,0.21361323,0.14993277,0.034696575,-0.028243512,-0.07277158,-0.026459726,0.054593585,-0.83007044,-0.080769,0.34440875,0.17433369,-0.095932506,-0.468511,-0.52784216,-0.1003346,-0.17282459,-0.009061927,-0.51409006,0.1778497,0.6352647,-0.21599041,-0.1684945,0.23892929,0.038460884,0.01921074,0.60768276,0.4164977,-0.19015163,-0.20943418,0.031183986,0.27159807,0.03374859,-0.20737539,0.06760103,-0.6932327,-0.20865427,0.059272483,0.47332412,0.18748398,0.052254546,0.18406452,0.03805007,-0.21844806,-0.10749621,-0.019335072,0.48346332,0.37379152,0.093306184,-0.20471631,0.008435643,0.1755903,0.08611215,-0.26679465,0.07495474,0.027150117,-0.26035944,0.6626299,-0.13987316,0.75117403,0.032712903,-0.15918942,0.06789291,0.089449115,0.37011063,0.05002216,0.2712826,-0.03253846,0.20803846,0.030814236,0.63401484,0.45980597,-0.34562173,0.44682452,0.03359944,-0.10300536,-0.2971253,-0.21811722,-0.49192575,0.026082754,-0.24801898,0.054815304,0.2817268,-0.40993187,-0.17263708,-0.34220535,-0.091311954,-0.16297702,0.13359055,0.120028235,0.10908565,0.071181186,0.24894151,-0.3170121,0.19949366,-0.061194252,0.3760561,0.14761668,0.31482646,-0.41195342,0.13543905,-0.22056417,-0.11923217,0.0005071895,-0.32606152,0.08408466,-0.09740455,0.0006490773,-0.31111598,0.34920704,-0.09269242,0.77766985,-0.053249165,0.07914957,0.2714557,-0.46764985,-0.4783087,-0.4376763,-0.4060662,-0.23705381,-0.44462463,-0.08239111,0.026173301,-0.18862122,0.033193633,0.14356357,-0.057436693,-0.08082447,-0.18511452,0.4520415,0.19458552,-0.23918395,-0.62299055,-0.48251522,-0.14872064,-0.26861838,0.060319163,0.28659126,0.38504457,0.29422972,-0.54503924,0.04023365,-0.34235418,0.38527727,0.1392484,-0.086507104,-0.35893038,-0.71647036,0.2054316,-0.3976662,-0.5289142,-0.4862732,-0.015543809,-0.09971671,-0.1780678,-0.6601762,0.24797894,-0.20668112
0.34980708,0.2997992,0.43235168,-0.21411802,0.318368,-0.250409,0.2350348,0.20222008,-0.34581417,-0.052353762,0.10929612,-0.4699605,-0.24543644,0.47723365,0.08641577,0.6498538,-0.09980347,0.5815961,-0.55908984,0.65545416,0.48846626,0.15237531,-0.66470504,0.018511903,0.20679855,0.09304265,-0.028613055,-0.28308588,-0.5532795,0.14845733,0.03785437,0.10060599,0.238828,-0.16256863,-0.3493259,-0.56039816,0.1315771,-0.07077211,0.5730993,0.2754775,0.13515925,-0.61333513,0.7743585,-0.47458893,-0.14540294,0.2642283,0.01971562,-0.37386256,0.29618558,-0.4950012,-0.80125177,-0.2838454,-0.021816993,-0.4822262,0.105161875,0.3590465,0.5004131,-0.6009348,-0.1392191,0.13252653,-0.22693811,-0.43624645,0.15957367,0.20943451,-0.28418016,-0.31278735,-0.11090748,0.5529809,-1.4193524,0.095128104,0.63072634,0.34874696,0.41628215,0.1331734,0.01925889,0.39235222,-0.6371239,0.6507664,0.22785704,-0.05264406,-0.09525509,0.38269985,0.49917236,0.22292033,0.63861805,0.23559041,0.075763434,-0.1937756,-0.52167916,0.7408388,-0.28700042,-0.025271742,0.061868023,0.18928207,0.6636325,-0.34161484,-0.7001212,-0.27208897,-0.35361186,0.14595006,0.4635997,-0.7231445,0.05847616,0.0044170483,-0.4956919,-0.053061914,-0.62897325,0.36649334,0.18435445,0.38272163,0.1427165,0.18623878,0.24341142,-0.10244696,0.40190646,0.14782868,-0.5310353,0.3522184,0.36267647,-0.37642252,-0.152719,0.60182166,0.38751578,0.3791494,0.022924341,0.35440704,-0.027681101,-0.16982697,0.32276633,0.46955517,0.6808362,0.61162955,0.24232842,-0.43446842,0.3140728,-0.22537135,-0.3902454,0.52310395,0.21408077,-0.72988284,-0.069719456,-0.50233775,0.18600081,0.49786747,0.5116144,0.012264342,0.051808044,-0.039607443,0.101541005,0.51589453,-0.15557575,0.09405919,-0.43853214,-0.10878693,-0.109746784,-0.13048136,-0.13253163,-0.021058694,0.3228519,0.35006142,0.45243442,-0.29866627,-0.11330568,-0.015409732,0.06670796,-0.030958425,0.31430444,0.2218799,-0.29880247,-0.12280616,-0.19431885,-0.9256799,0.32128108,0.2753655,0.39199594,0.34588763,0.19610414,-0.738391,0.18474583,0.96446604,-0.37959048,0.010067928,0.16724639,-0.46111342,0.10046389,-0.19933985,1.0994844,-0.36408782,0.47961053,-0.014078324,-0.69450134,-0.5825828,0.030010393,-0.19291073,0.8479459,-0.008192871,-0.021731894,-0.695784,0.6958152,0.23675017,0.35965306,0.056385513,0.00013972417,-0.71818113,-0.46691895,0.66201574,-0.07971026,-0.053439826,-1.1718228,-0.043831974,-0.13678123,0.43770158,0.17473944,0.28475785,0.2033417,-0.007142059,0.16444269,-0.4919695,-0.02307539,0.11489547,-0.33270356,-0.9388782,-0.17714939,0.018081622,-0.3983387,1.4478699,0.3359192,-0.93169767,1.0378978,0.11095909,0.4106158,-0.0024183767,-0.3208496,-0.20218247,-0.19852205,0.45895627,0.076744474,-0.024763193,0.20073958,0.40704975,-0.54566795,0.76922315,0.16816717,-0.21856424,-0.08781982,0.24377918,-0.25479668,-0.68026954,0.21756102,0.07396218,0.21743312,0.029623987,0.14921527,-0.26180893,0.18289019,-0.5531682,0.67830306,0.08748817,-0.4682683,0.57333946,0.21972343,-0.30966258,0.19774827,-0.201334,0.49128765,-0.3723068,-0.16286446,0.47112706,0.8124455,0.17026035,-0.6828289,-0.048219822,-0.20909494,0.4102411,-0.3903561,-0.8469871,0.27176416,0.1008122,-0.1680759,-0.47375834,-0.45848414,0.3401416,-0.36227298,0.06542169,-0.26113084,-0.3046836,0.36578834,-0.30160487,-0.5274953,0.22009917,-0.090821855,0.091282785,-0.22306004,-0.37556458,0.8184838,0.44132492,-0.1932155,0.17753181,-0.72783446,-0.5478742,-0.62034273,0.0840126,-0.28851977,-0.27738696,-0.13459711,0.10906209,-0.6784362,-0.41807193,-10.103909,0.085888006,-0.65283334,-0.58505094,0.038777303,-0.026354756,-0.47415215,0.37844518,-0.31025797,-0.28307045,-0.49875095,-0.35557806,0.062022187,-0.55418223,-0.40253,0.14746186,0.36179692,0.6630469,-0.47078162,0.42490086,-0.26697087,-0.47764483,0.72139794,0.15761285,0.56239676,-0.29258144,-0.41287112,-0.25014704,0.08863336,-0.37055674,0.07920184,0.24802336,-0.4518608,1.3178623,-0.44242084,-0.15116891,0.31223541,-0.53202754,-0.12556973,-0.60730493,-0.052463032,-0.33162773,-0.5603427,-0.18987872,0.6770055,-0.5045946,-0.11123324,0.14580579,-0.062173653,0.20304953,-0.24090108,-0.14314501,0.006908649,-0.492497,0.029339347,-0.11962437,0.26925564,0.42144623,-0.07593353,-0.32322922,0.9397425,-0.19922279,-0.38075382,0.09486473,-0.43287173,-0.36274928,-0.64858925,-0.5102303,-0.66083986,-0.119336955,-0.4783138,0.8476337,-0.25433803,-1.0998945,-0.04090222,-0.5953055,0.011743342,0.24450439,-0.35318425,-0.42344162,-0.91114205,-0.16225079,-0.07034175,0.019055841,-0.66566664,0.24212517,-0.8113174,-0.6327433,-0.08327205,0.689336,-0.01172809,0.11294814,-0.0407323,0.49710256,0.061818887,-0.31366688,0.8873537,-0.5158829,-0.10662185,0.2492712,-0.12109549,0.3902824,0.4370997,-0.054742675,-0.57993233,0.41065273,-0.49459085,0.24826133,-0.06779065,0.103713654,-0.5081589,0.17193386,-0.48176208,-0.56068605,-0.653014,0.18144879,0.11145359,0.47204372,0.366199,-0.5573305,-1.0206321,0.44461682,-0.42889172,-0.5667185,-0.037627943,0.27861297,0.018658152,0.13451228,-0.04181643,-0.38372847,-0.34473327,-0.15470764,0.15055558,-0.4783017,-0.15199485,-0.36809665,0.15880144,-0.29953513,-1.0853214,0.19622701,0.4722097,0.22865365,0.124280654,0.23605917,0.21387154,-0.065351956,0.19253697,0.3301002,0.13380054,0.20518866,-0.24559984,-0.66802955,0.47959623,-0.5883049,0.019634455,-0.14224058,0.56875587,-0.51039815,-0.3113628,-0.9039571,0.7655867,-0.1047067,-0.23292069,0.045956727,-0.00013732165,-0.15016255,0.51181436,0.35613388,0.040759984,-0.73179173,-0.24201803,0.4218679,0.46593648,0.43104303,0.08496534,0.03257832,0.56246614,-0.4861231,0.13908133,0.5514398,0.5317251,0.35712415,0.03914367,-0.20932302,0.42759246,-0.23332289,-0.14511454,0.6458076,0.27464962,0.17820829,-0.4479346,0.6003043,0.023658207,-0.19868776,-0.053512353,-0.43691447,0.1968155,0.1376286,0.2469469,0.27835408,-0.598152,-0.11746921,-0.6461219,0.2828039,-0.26385245,0.45646188,0.14154781,0.15788868,0.44382995,0.19487354,0.55255246,-0.27479687,-0.7700339,-0.6147963,0.27454883,-0.038083233,-0.35088387,-0.13824873,-0.77069396,-0.18322183,-0.4147099,-0.042780057,0.1054006,0.003046896,-0.10858229,0.1716586,-0.13652483,0.17359705,-0.16770695,-0.09906793,0.12696232,-1.5270222,0.22769217,-0.06944204,0.13515249,-0.31100774,-0.42404273,0.023743212,-0.043789778,-0.19283982,0.14083296,-0.880197,-0.26822045,-0.61203444,0.2109919,-0.4243993,-0.5243024,0.060921825,-0.3445681,0.44712335,0.76189315,-0.34082454,-0.25835276,-0.4022427,0.42723244,-0.38904977,-0.7336734,-0.1681165,-0.08702894,0.5644633,-0.12178432,0.5108582,-0.34965634,0.52265555,-0.073214635,0.60710317,0.075752944,0.11235721,0.22692022,-0.393154,-0.19180495,-0.27422345,0.0452261,0.34737587,-0.430757,-0.5880879,-0.10458908,-0.16568805,0.5012822,-0.15189452,-0.32143775,0.16581099,0.5053107,0.014407312,-0.2879354,-0.36107162,-0.13792294,0.06287942,-0.035856545,-0.100533135,0.30495337,0.6554976,-0.5410776,-0.047362577,-0.14397646,0.2044351,0.46870315,0.040063657,-0.5235595,-0.013524898,-0.44312996,0.13882805,0.47429565,0.041187655,0.30158395,0.05299175,0.32089823,-0.026637359,-0.34225923,-0.58369225,-0.69734687,-0.45626572,0.38907996,0.75548965,-0.07478219,-0.2339639,-0.22010972,0.017704198,0.06050707,-0.20709819,-0.14816646,0.1593184,0.77587324,-0.039837275,-0.0835947,0.02731552,0.24971315,-0.24193734,0.0337248,-0.15734364,0.065261744,-0.20151365,0.6956239,0.004630496,-0.22221245,-0.35734218,-0.109381884,0.31701744,-0.58674234,0.18683057,-0.075436935,0.38948098,-0.3797362,0.0028734005,-0.055906404,0.1778255,-0.20497723,0.31393433,0.14480548,0.45758536,-0.040061615,-0.23590782,-0.07297248,0.22578564,0.52703285,-0.040380865,0.5410434,-0.3433857,0.74820894,0.7414001,0.35031682,0.2943108,0.26333395,-0.22084375,-0.19210538,0.336145,0.124069355,0.19050856,0.13805944,0.20861569,0.43718582,-0.17903568,-0.020269835,0.08454735,-0.08542006,0.36919925,0.15135111,-0.16990623,-0.3997368,-0.19681728,-0.52040267,0.15487182,-0.05387403,-0.36044493,0.3572227,-0.1790176,0.06941078,0.16850539,-0.09434458,-0.19368191,-0.17210715,0.10435782,0.070209555,-0.15295623,0.3177853,-0.47349426,-0.03544927,0.25750282,0.41109872,-0.094698966,0.026210286,-0.43153724,-0.2293046,-0.81361085,0.2949008,-0.049983565,-0.031022223,0.22015299,-0.5808674,-0.20812336,0.35202685,0.28373653,0.0258742,0.10314426,-0.10906932,-0.008733661,0.48761153,-0.4290717,-0.7299601,0.119684465,0.047014683,-0.5084819,-0.17428523,-0.1637358,-0.008368748,-0.0123103,-0.29809812,0.09804903,0.4289477,-0.28844714,0.07712604,0.82798964,0.4886171,-0.16385275,-0.8644022,-0.358816,-0.012593903,-0.0019353745,-0.5519614,0.46908173,-0.20231819,-0.012394487,-0.022776244,0.31378204,-0.369553,0.515642,0.41844222,-0.18232541,-0.8100817,-0.3700706,-0.13851899,0.2784669,-0.51945955,-0.32299432,0.09060995,0.19622521,-0.13238423,-0.7664144,0.017615298,0.33649307
0.15898514,-0.26958448,0.33304897,-0.14479409,0.4092584,-0.41937888,0.11342015,0.28455433,-0.20965172,0.23659766,-0.22465046,-0.17972101,-0.23835243,0.43740764,0.015131355,0.4473876,0.15092057,0.18707566,0.043847907,-0.1462242,0.13581969,0.15166344,0.30464387,-0.18223229,0.23510118,0.1125239,0.44194707,0.7003217,-0.5988129,-0.06433615,0.4527647,0.37820098,0.16255541,-0.19079131,-0.0002138362,-0.22534727,-0.2637389,0.1831528,-0.07620996,0.31833988,-0.4518858,-0.69654304,0.16251089,0.32744792,0.027701827,-0.17089579,-0.2506481,-0.22938485,-0.11418722,0.02750015,0.015495468,0.57212186,-0.082798205,-0.51045465,0.046311792,0.56896126,0.12540288,-0.45102233,-0.092494525,0.07258544,0.4940359,-0.3004055,-0.30847925,-0.25210935,-0.030207746,-0.24229708,-0.10807416,0.39668003,-0.466398,0.2694266,0.2076899,0.15287162,-0.29057595,0.24358776,0.11124009,-0.10038049,-0.4605158,0.46882343,0.3505637,-0.23934403,0.08716056,0.32428092,0.26433983,0.007942511,0.023750687,-0.012239294,0.1476162,-0.00901654,0.08333421,0.80146235,-0.54031885,0.10100984,0.029093778,-0.4368623,-0.14792198,-0.2544749,-0.35580102,-0.32608628,0.115198754,0.12324979,0.22208771,-0.4575766,0.20586245,0.2835558,-0.2375476,-0.092309,-0.43854296,0.23442219,-0.40544423,0.23452255,-0.26930833,0.021787304,0.03164322,-0.6173486,-0.19422366,-0.48345798,-0.02992218,-0.2049143,0.08685069,-0.31744507,-0.010211703,0.23616049,-0.010362409,0.34505424,0.288689,0.34601974,0.10592829,-0.17842665,0.38038558,0.7087179,0.3831463,0.21029434,-0.2878043,-0.52082044,0.049060535,0.07044091,-0.04075766,-0.5931399,-0.35912716,-0.42546263,-0.0726108,0.13993855,-0.24991533,0.626159,0.41492417,0.04246208,-0.44473988,0.1278001,-0.32196704,0.56050724,-0.37207198,-0.15727869,-0.23748975,0.17863408,-0.4334628,-0.38594761,-0.07311851,-0.13893503,0.019730961,0.2679469,-0.080526866,-0.12519617,-0.14235443,-0.13330303,-0.40666786,-0.36982858,-0.05895523,0.2590946,0.038997542,-0.50125176,-0.274975,-0.6016682,-0.1976167,-0.021342091,0.66011995,0.1928147,-0.33494568,-0.31722215,-0.55541605,0.43324187,-0.61208135,0.4640538,0.5240462,0.13335794,0.17917839,-0.30589896,0.501889,-0.2951158,0.47804806,-0.1701645,-0.2681324,-0.08798538,-0.008085516,0.3836216,-0.3104282,-0.559566,-0.4083033,-0.08713508,0.52152085,-0.12252795,0.0446594,0.19111715,-0.1445301,-0.19018212,-0.28955266,0.46049795,0.034677334,0.111279584,-0.2700729,-0.18163669,-0.3529406,0.00035226642,0.30595466,0.06257254,0.78595334,-0.24341004,-0.20155628,-0.045075297,0.21495372,0.1457503,-0.12248949,-0.22664233,0.03113712,0.16904193,-0.35752144,1.2595912,0.12847967,-0.70906883,0.20918985,-0.052781593,0.11563472,-0.31562987,0.3637705,-0.40144074,-0.46208778,0.023873433,-0.4172052,-0.11239706,0.14306156,-0.059578057,-0.23889071,0.27805626,0.3258268,-0.037938498,-0.037980504,0.09826704,-0.2098707,-0.39370507,-0.28958386,-0.3360392,0.15001589,-0.11307396,-0.05549635,-0.3215006,-0.00473401,-0.23256116,0.31916514,-0.3993734,-0.08650691,-0.058382902,0.28150588,-0.12923253,0.22505377,0.03891536,-0.2239925,-0.06919712,0.1093388,0.49510896,0.36940524,0.045949794,-0.046037868,0.19787692,-0.20034996,0.7429341,0.19371393,-0.28274706,0.08311919,0.16953626,-0.032201074,-0.33488378,0.33386654,-0.17395,0.40719962,-0.0039435797,0.04258256,0.06923507,-0.21072209,0.2794338,-0.16663326,0.23112576,-0.3657789,0.36018097,0.06647922,-0.25119415,0.46321446,0.25908807,0.07115701,0.12846288,0.038789086,-0.20253685,-0.105800994,0.09477394,0.08841395,-0.5973843,-0.2146802,-0.04252432,-0.39223886,-0.49506417,-10.853635,-0.44308156,-0.11301026,-0.3109247,-0.027340261,-0.5879856,0.2893709,-0.23238169,-0.06883099,0.38856736,-0.2988035,-0.4005506,0.4288303,-0.7375651,-0.17721826,0.26729795,0.43163642,0.28685418,0.33282125,0.06538585,-0.13924332,-0.45889923,0.12997957,0.38976598,0.17335013,0.19664949,-0.020418601,0.2848329,-0.11337911,-0.464344,0.23284538,-0.2850544,-0.012758502,1.0843375,-0.65560687,-0.42156884,-0.23975919,-0.37518838,-0.08002032,-0.21837841,0.008078502,-0.11057476,-0.30340654,0.051933046,0.56370974,-0.545553,0.23135485,0.6982715,-0.39536312,0.1732967,0.2878675,-0.28063864,-0.32876456,-0.49055618,-0.23225659,0.22150517,-0.14402352,0.4423056,0.014315766,-0.16128345,0.27514422,0.04029797,-0.32130578,-0.017006764,0.25447673,0.3362648,-0.4678912,-0.52282625,-0.18944304,-0.36697114,-0.47573888,0.11350551,0.35108134,-1.2181338,-0.45645508,-0.1337817,0.83547693,0.121179216,-0.74752665,-0.009886676,-0.30320242,0.120124064,0.26493576,0.09260132,-0.3163667,-0.33553168,0.19954607,0.20372868,-0.69889534,-0.17540273,0.16103481,0.15729995,0.37320215,-0.06985752,-0.27892286,0.21710199,0.17412338,0.04221663,-0.14569649,-0.3536346,0.45420188,0.2094799,-0.038958598,-0.7615967,-0.31636006,-0.456114,-0.050766107,-0.07885601,-0.14520794,-0.2613105,0.40196157,-0.11579484,-0.52855664,0.3502899,0.14907755,-0.08567646,0.0034353805,0.16608033,-0.0118715735,-0.106957026,-0.31903297,-0.02107179,-0.40220428,-0.7790557,0.08699455,0.061760627,-0.47179246,0.10641916,0.0852247,-0.27115858,0.23926762,-0.018546358,0.15267728,-0.066015504,0.11482709,0.051671535,-0.034653038,-0.27480298,-0.03020546,0.12547615,0.023940664,0.17461377,0.34880424,0.3417288,0.33623233,-0.14446226,0.21951799,0.28248507,0.28205556,0.20721288,-0.5385386,-0.955793,0.33632696,-0.09079157,-0.08081156,-0.07602185,0.5841671,-0.31373727,-0.2431473,-0.5351297,0.10723175,-0.08013341,0.23293923,-0.095147714,-0.27944368,0.52709407,-0.14330944,0.0701388,0.8055548,-0.047072876,-0.28191712,0.33969906,-0.23223743,0.0692924,0.21039023,0.10659054,0.16964015,-0.37679797,-0.0803689,0.623257,0.17068702,-0.062581904,0.070547804,0.3597179,0.5123278,0.51074296,-0.008843736,-0.23563805,0.3962291,0.5326615,-0.28539848,0.661743,0.33674848,-0.29341,0.37296394,-0.7281854,0.12486853,-0.028083025,-0.5078234,0.4700346,-0.51090944,0.44197732,0.08961816,-0.0849444,-0.103305146,0.10118281,0.39588836,0.72017455,0.21577135,-0.1962868,-0.13381492,-0.14252791,-0.28555682,-0.22869663,0.2042272,-0.47327888,-0.02593708,-0.5708042,-0.17553791,0.05786467,-0.051398095,0.40607598,-0.0262116,-0.1065208,0.16137783,0.102979206,0.56852865,-0.10201198,-0.48950565,0.39424384,-0.39640686,-0.9895545,0.3405061,0.29119405,-0.03441748,0.2679116,-0.34955674,-0.34300172,0.33454892,-0.032339044,-0.5030013,-0.7536822,0.14957017,-0.60106456,-0.17870207,0.032018468,0.12290855,0.46306553,-0.024559509,0.59751725,0.27093434,-0.11388949,-0.11032187,-0.4179735,-0.267792,-0.86108226,0.4634839,0.19027443,-0.38727543,0.28913286,-0.310608,0.2037062,0.19905867,-0.22938839,0.103307284,0.42903754,-0.20112179,0.015553933,-0.20630176,-0.16176818,-0.0035394495,-0.54277843,-0.12310875,-0.002510887,-0.21473533,-0.4030713,-0.42455253,-0.47324598,-0.21064225,-0.22582693,-0.17199832,-0.38027516,0.301999,-0.06891822,0.7363173,-0.3652674,-0.55223906,0.0723299,0.122825295,-0.08859461,0.21267495,0.39638102,-0.31244528,-0.35336396,-0.41497397,0.5358274,0.52235466,0.15986551,-0.31139523,0.32199496,-0.052682847,-0.032922123,0.25033233,0.3113131,-0.034971204,0.08425424,-0.15189949,-0.23193748,-0.04847733,-0.09453517,-0.0038627454,-0.24332592,0.6035507,0.47422063,0.021173595,-0.115031436,-0.49323353,0.05295306,-0.24754083,-0.1687076,-0.0840016,0.37407148,0.17990227,-0.32606587,-0.25236312,0.23251301,-0.14346911,-0.044367358,0.48768345,0.20401283,-0.23466909,-0.105701484,-0.22245859,0.12721947,0.113219865,-0.30690318,0.11856035,-0.22440985,-0.015387509,0.029814314,0.03565816,0.094241135,-0.15460236,-0.16093528,0.16116762,0.004791042,-0.21825579,0.4672023,0.24595957,0.43049312,-0.10720359,-0.18962854,0.032443713,0.3763875,0.30233547,-0.04019395,-0.3059805,0.0035617733,0.40619698,0.11661243,0.20181409,0.54698026,-0.15251698,-0.31804803,-0.33673206,-0.051832817,0.5402467,-0.15567948,0.28862023,0.01435176,-0.15044446,-0.2978178,0.33305696,-0.16534783,0.18560477,0.06898604,-0.30932716,0.0004367911,-0.11826471,0.15611207,-0.5417268,0.1673385,-0.41370368,-0.36310497,-0.027841201,-0.72105944,-0.15641353,-0.23064196,-0.37892446,-0.27160987,-0.5944543,0.18017903,-0.18934554,0.15467979,-0.1264653,-0.09870164,-0.26470926,0.292501,0.62256014,0.08439493,-0.024564862,-0.15851413,0.11648771,-0.1809187,0.37443653,-0.18595469,-0.3778371,0.39521083,-0.72998315,-0.11450531,0.20320185,0.38534737,0.050321784,0.5942091,-0.33073306,0.16972408,0.43297586,0.082021475,-0.6292578,-0.22549368,-0.30462205,-0.60251755,0.11975901,-0.16692959,-0.35393047,-0.54009277,-0.22327393,0.020141514,0.06126614,-0.14556196,-0.45756915,-0.27422267,0.47883582,0.19435696,-0.6029401,0.0055609453,-0.048528854,0.25276366,-0.040633794,0.15389988,0.15609635,0.5329227,0.32605362,-0.17041259,-0.015162982,0.29185575,0.11082915,-0.014058474,-0.4647304,0.23957512,0.17436326,-0.1661044,0.43675706,0.14452507,0.0629481,0.27827144,-0.3457263,-0.2225709,0.22116005,-0.13600715
0.42737806,0.08987512,0.34449878,0.30064252,0.33283946,-0.3833131,-0.2703596,0.7724767,-0.32070497,-0.32108033,0.46794024,-0.28596202,0.006102508,0.5811247,-0.2731457,0.32422736,0.230734,0.5564659,0.06500306,0.31251296,-0.11042642,-0.046417903,0.19662267,0.017275468,-0.11781216,0.07771976,-0.06088634,-0.107228905,-0.18326841,0.06830528,0.14096509,0.4262693,-0.22016934,0.041592576,-0.66338164,-0.43399945,-0.2988731,-0.095957175,-0.2487815,0.16463895,-0.3194594,-0.27331486,0.22187957,0.022164214,-0.5936852,-0.11820508,-0.096966036,0.002309569,0.27370322,-0.026947984,-0.25761843,0.36834565,0.1323256,-0.09518282,0.1863374,0.5505421,0.5686205,-0.1626354,-0.07832205,0.1649937,0.16484854,-0.11329625,-0.23270042,-0.5409986,0.24885741,-0.26648104,-0.17062455,0.18296829,-0.34458673,-0.119681045,-0.19268826,-0.32234195,-0.03750567,-0.1279832,-0.119304255,0.3479102,-0.23906773,0.2742526,0.4376448,-0.325589,-0.26695207,0.7052994,-0.26292133,-0.00885244,0.37873092,0.20720333,-0.27168185,0.050060704,-0.40146583,0.5730314,0.19460168,0.004003573,0.3231268,0.3525056,0.25684246,-0.11924263,-0.07372759,-0.13277434,-0.14736289,0.28748664,0.44979298,-0.8940834,0.056958552,-0.31851014,0.258562,0.04844023,-0.3178176,0.3253769,0.30367053,0.31766546,-0.41131166,0.0010459947,0.0028637974,0.13459474,-0.61210465,0.47505027,-0.11503789,-0.17522487,0.26553184,0.13492495,-0.35406935,0.47847134,0.21964988,0.26704207,0.09105863,0.17593364,-0.2776999,-0.21654613,0.12793338,0.07440242,0.2693381,0.3321251,0.3334329,-0.26670277,0.16936116,-0.019027032,0.16155867,-0.5494021,-0.14121214,-0.22671953,0.30289865,0.3491329,-0.06339479,0.39779484,0.09450758,-0.2500392,-0.34687698,-0.57597375,-0.10911317,-0.16491388,-0.57624346,0.19107234,-0.23214209,-0.14471838,-0.11405351,0.076087505,-0.67742556,-0.20185675,0.21860063,0.32309356,-0.10044174,-0.2116307,-0.029549776,0.14397638,-0.2150749,-0.37594727,0.034782615,0.5107168,-0.33554265,0.063861296,0.08065415,0.06280927,0.056705445,-0.027877392,0.5671965,-0.23327383,-0.3682631,0.12528864,-0.14479996,0.72433835,-0.53449076,0.095451094,0.0965101,-0.36674413,0.081756726,0.33004746,0.46332744,0.01362838,0.5028372,-0.06987668,-0.47235575,-0.082217254,0.26257643,-0.28682628,0.6091674,-0.9543576,-0.10105134,-0.25530103,0.15946528,-0.27232283,-0.13701281,-0.06157448,-0.04058046,-0.07379424,-0.31319553,0.31286174,-0.00054013816,-0.061009362,-0.050031826,0.26465032,0.3429343,0.4295672,0.2671537,-0.29298738,0.2272531,-0.13865912,0.034660827,0.03315717,-0.24931806,0.3949659,0.16652323,-0.3959435,0.07131764,0.6753747,-0.31114793,0.5295625,0.15874605,-0.026281573,0.20652229,-0.043396607,-0.17688517,0.12004714,0.4909499,-0.3935581,0.030679641,-0.14939834,-0.06098994,-0.007069448,-0.28872302,0.19620457,-0.25317967,0.25589314,0.013737015,-0.008476984,-0.04931348,0.06465536,0.04001716,-0.39699817,-0.16462678,-0.2890889,-0.3948188,-0.06694958,-0.5560809,-0.22488505,0.18675761,0.1675839,0.092746645,-0.28073275,-0.09513547,-0.16544123,0.3222174,-0.27544978,-0.53436923,0.18076004,-0.18928505,-0.53216374,-0.13019343,-0.03233664,0.13676043,0.16620797,0.49386415,-0.21540742,0.47418317,0.38133386,0.21577653,-0.36476257,0.17455408,0.15032981,0.22130182,-0.34980166,-0.057577286,0.37635094,0.23215845,-0.07414804,0.0494591,-0.362383,0.34483117,-0.06808707,-0.085977174,-0.21018684,-0.009379462,0.17200068,0.16250569,-0.19921836,0.6450855,-0.18197355,-0.11629012,-0.047035042,-0.3855452,-0.23728266,-0.49479985,0.011028557,0.099566124,-0.05804535,-0.11214553,-0.36565003,-0.25099447,-0.2524604,-11.896958,-0.34328115,0.020486185,-0.06409323,-0.04233347,-0.34534535,0.2737748,0.0966069,-0.08479661,0.034402177,0.058842152,-0.062272236,-0.35463074,0.27899268,-0.12457782,0.17668556,0.1674178,-0.31902197,-0.19755307,0.32728305,-0.25584856,-0.42717066,0.5774008,0.40630153,0.20758013,0.20435552,-0.18013616,0.13567518,0.18454476,0.10126153,-0.17048422,0.12898895,-0.26278293,0.7960753,-0.083293684,-0.20537286,-0.16301796,-0.27293986,0.14485498,-0.06794225,-0.2591713,-0.1375567,-0.03938488,0.27511445,0.43503228,-0.721022,-0.18675059,0.108243905,0.012866289,0.33817008,-0.14018144,0.0010392593,0.13944328,-0.19310759,-0.27314427,-0.09272697,0.55737317,1.0273823,-0.045378007,-0.43140784,-0.12162773,-0.12590268,-0.43968022,-0.21501273,0.05123672,-0.20383376,-0.6404759,-0.57811403,0.46170852,-0.29352385,-0.37053803,0.35725945,-0.01079827,-1.5684186,-0.18729624,0.114081986,0.21783255,0.3064255,-0.13410906,0.067088455,-0.46968415,-0.05214232,-0.027049322,-0.034158006,-0.4930894,-0.78338426,0.018560534,-0.44130105,-0.50853825,-0.015267616,0.48828763,-0.1784888,0.29191545,0.25042272,0.07465704,0.32222942,0.4875761,-0.020270031,-0.30713186,0.029001353,0.63073695,-0.10904421,-0.110066034,0.13559212,-0.27146098,-0.214137,0.055857264,0.43847114,0.08826459,-0.182153,0.01815152,-0.35600498,-0.06009562,0.008309963,-0.035431817,-0.06963838,0.27561063,-0.023582261,-0.0029088603,-0.22773495,0.1360597,0.60958636,-0.35186154,-0.6378328,-0.40220165,0.13998842,-0.17819859,0.22894102,-0.42627108,0.05956501,-0.04079759,0.1646565,-0.103943415,-0.060171653,-0.068658695,-0.47632253,0.14318085,0.08841588,0.13419841,-0.20842935,0.54779243,0.23456833,0.32619447,0.13607797,-0.30373317,-0.026493296,-0.021840427,0.065749556,-0.20328714,0.1978114,-0.5600531,-0.9950164,-0.21476501,0.70659935,0.12893008,-0.20464848,0.41762123,-0.2996708,-0.24998938,-0.6677912,-0.13194191,0.033660665,-0.1321801,0.27653116,0.27776122,0.21525627,-0.111787885,0.18463407,-0.10126983,0.14563167,-0.2929876,0.2601377,0.062127914,-0.167309,-0.07467284,0.080685236,0.03705737,0.37138173,-0.3740781,0.55415684,-0.0042018504,0.20730531,-0.31045744,-0.14615192,0.28919744,0.40141395,0.29458007,-0.024196494,-0.1600127,0.59375876,-0.3983197,0.4461486,-0.24025515,-0.38573295,0.2875952,-0.35298318,0.60114336,-0.3070638,0.14033186,0.047588166,-0.07674523,0.090452306,-0.16288242,0.25376534,-0.04283627,-0.17056221,-0.07294584,0.74050665,0.14574434,-0.27778998,-0.29710814,-0.32337832,-0.36603183,-0.2757984,-0.24345487,-0.30333954,0.16977187,-0.68191725,-0.49720946,0.28372794,0.34120163,-0.3594395,-0.071789816,0.20411827,-0.052903894,-0.27880713,0.2721812,0.047437593,-0.03409974,-0.1908719,-0.21690975,-0.6830356,0.45448974,0.22771755,-0.31986764,0.029418819,-0.2322776,0.19670144,0.30466118,-0.5570805,-0.9104222,-0.5966208,-0.6028774,-0.2842161,-0.24187008,0.3859647,-0.17089121,0.08069301,-0.2839406,0.12591526,0.058226563,0.073993504,-0.35131344,0.15733893,-0.36647022,-0.45088974,-0.163092,-0.08982182,-0.22243114,0.3506425,-0.6853109,0.110056356,0.23196964,-0.24410935,-0.035927676,0.07716849,-0.41193894,0.03826632,0.07205328,0.10044115,-0.018965952,-0.12342375,-0.021588728,-0.05131875,0.17645583,-0.25952348,-0.34350145,-0.11130122,0.16686301,-0.08095983,-0.010539483,-0.5489408,0.065023206,-0.12512808,0.19349894,-0.16427773,-0.17964213,0.53203815,-0.054095067,0.041635145,-0.17105393,0.21025856,-0.3676741,0.12516436,0.15211628,0.20161839,0.36660695,-0.5072578,0.3129899,-0.05732482,0.038407594,-0.16552503,0.8070654,0.16116054,-0.02629483,0.09323584,0.20242788,-0.0905706,0.24121729,0.20978303,-0.44881207,0.0073840497,0.65708864,0.26344383,0.0086711,-0.17115845,-0.12657528,-0.31106058,-0.01169349,0.020536425,-0.35271347,-0.0903014,0.6367712,-0.38769642,-0.19328193,0.10000597,0.18130788,-0.29607007,0.26384032,0.5347259,0.24172379,0.5150023,-0.37630427,0.16923302,-0.095335096,-0.36250317,-0.10392015,0.06906789,0.5228543,0.27173215,0.37195542,-0.055082984,0.20647185,0.049285945,-0.21650085,0.034645513,-0.32987243,0.13929479,0.24611935,0.7570331,0.060743626,-0.07333255,-0.16863741,0.20026016,0.19592299,-0.38777056,-0.002071496,0.37266886,0.10239068,0.58582395,0.57705986,-0.013886962,-0.15305771,-0.459718,0.28051367,0.5395953,0.18914604,-0.2629113,0.39146674,-0.11527491,-0.09646872,0.010333679,0.17386103,-0.24630293,-0.48549166,0.26527646,0.14223306,-0.15100038,-0.60654813,-0.07400159,-0.08789162,0.17680909,-0.5080508,-0.07300052,0.021183467,-0.6721344,-0.33361757,0.19104958,-0.07901599,-0.34549236,-0.47316882,0.18282078,0.0038375622,-0.3187799,-0.18167047,0.11781682,-0.22668166,-0.120140694,0.26403922,0.27218258,0.26393536,-0.38187453,0.29762053,0.07414205,0.10312989,0.034245133,-0.18123816,0.44599986,-0.5834508,-0.3444176,-0.014327564,0.22245857,-0.071687765,0.012308311,-0.45492113,0.21101575,0.22339274,0.16595715,0.17677353,-0.029498022,-0.61424875,-0.54160583,-0.040064,-0.21470232,0.21122599,-0.053581163,-0.113896504,0.31339002,-0.39883924,-0.24924421,0.04222871,0.06736958,0.6818431,-0.20242271,-0.3547385,-0.034640748,-0.49567118,-0.14720587,0.17482442,0.098375425,-0.027876465,0.21838145,0.0683206,-0.21492514,0.36338693,0.1412136,-0.017233243,-0.1038698,-0.21447657,-0.19830652,-0.15709393,-0.15559764,0.122948825,-0.09095479,-0.068497576,0.32445672,0.1558497,-1.0746981,0.15497641,-0.16578358
-0.55000705,0.67849916,0.15255667,-0.1607718,0.29874957,0.5538347,-0.024178639,1.028583,0.056632586,-0.9354155,-0.027823698,0.26226273,0.016416194,0.7619904,-0.051556893,1.1977272,0.34696534,-0.030263713,-0.2299015,-0.22442202,-0.51914155,0.24105588,-0.32105148,-0.30907044,-0.10389753,-0.22705774,0.009760883,0.07311188,0.16149363,0.5597829,-0.26144153,0.5973555,0.12800726,-0.9111859,-0.03418554,-0.22043377,0.20681673,0.4150801,-0.11788208,0.27439162,-0.49993888,-1.1367278,-0.26583335,-0.17377296,-0.34217304,-0.14440286,0.4062193,-0.56369495,0.32732716,-0.1286168,-0.24574457,-0.117801145,-0.3248934,-0.6484805,0.41705033,0.44899517,-0.46326,-0.98775256,-0.077349804,-0.04838055,-0.91690874,0.08486631,0.91916764,0.32480788,0.19971718,-0.42256352,-0.43149844,0.028309416,0.1571591,-0.090615004,-0.13964505,0.36008012,0.19526051,0.47395444,0.1427671,-0.24215503,-0.3644802,0.7190002,-0.89430183,0.28583068,-0.2709945,0.6463634,0.4621766,0.5055924,-0.29993907,0.9666448,0.46996048,-0.11943164,-1.2944969,0.06982975,-0.64856374,-0.25104636,0.27904746,-0.14521158,0.28871092,-0.008322323,0.1710573,-0.14353687,0.47686288,-0.1318844,0.5717267,0.017701155,0.37999687,-0.01890127,-0.8046546,0.1403541,-1.0333396,-0.10771781,0.25721583,-0.06954737,0.39378557,-0.5858524,0.1334133,-0.09040656,0.16180271,-0.07592382,0.13018365,0.6880512,0.39457515,-0.46306124,-0.646667,-0.49954554,0.55395466,-0.19555832,0.30770785,0.7353722,-0.10140892,0.065220766,0.015966391,0.10494645,-0.14652875,-0.41991833,-0.57602984,0.56280303,-0.5603032,-0.039773952,0.44243285,-0.5787489,-0.34569997,-0.23992266,-0.78306276,0.6680775,0.0348971,-0.13115776,-0.5342113,-0.20734853,-0.055975996,0.10098347,0.9707674,0.4670605,-0.104423136,-0.119322434,-0.20890094,0.22783056,-0.0023863723,-0.12079416,0.06341805,0.382767,-0.13262938,0.13244392,-0.031618167,0.5055795,-0.14869606,-0.21929234,0.7314571,-0.6975364,-0.87706083,0.46695244,0.1304779,0.22862679,0.3107345,-0.02892253,0.18821813,-0.52275157,0.4236089,0.040807027,0.030266225,-0.057388727,-0.20294909,1.4778203,-0.5253211,0.2628509,0.28005555,-0.40874198,0.12675598,0.7568939,0.648072,-0.49720123,0.05995175,0.76321,-0.7172284,-0.5241533,-0.42553753,-0.819536,0.2002551,-0.33403057,-0.38440815,0.345053,0.7225401,-0.24444342,-0.5025727,0.31705713,0.59756184,-0.19239557,-0.50805014,0.662783,-0.71309,-0.5922376,-0.34524915,0.20669043,0.60355115,-0.49230152,0.5906341,0.39167708,-0.16600157,-0.29809883,0.046200134,-0.16814755,-0.4287235,0.2894286,-0.056968104,-0.4028954,0.11339872,0.6228392,-0.9400991,1.4246156,0.17738762,-0.64959216,0.68366355,0.090932995,-0.45751935,-0.7336849,-0.010488835,-0.5212492,-0.46147656,0.89517665,-0.03637488,0.22178286,0.47003418,0.047213882,-0.5930601,0.8510874,0.033780053,-0.12336681,-0.10016042,0.287401,0.16622184,0.13182837,0.40477183,-0.46708897,-0.5538151,0.90914994,-0.29057938,-0.14824416,-0.8218705,-0.14577833,0.23569697,0.23144546,-0.52988106,-0.06478876,-0.2807814,-0.91372675,-0.061640725,0.02916783,0.4201127,-0.3447065,0.23076743,0.46111828,0.38539162,0.20080082,-0.5196905,0.15404442,-0.20790279,1.11475,-0.08969162,0.10447175,0.36968383,0.39944535,0.07088195,0.49669716,-0.09761637,0.09698646,0.29607788,0.50668925,-0.07436135,0.15262173,0.65841985,0.17844278,0.10029943,-0.24415277,0.012866153,-0.7932085,-0.4981725,-0.044175282,0.6567606,-0.40456375,-0.5141492,0.10601749,-0.28185362,-0.31425795,0.5788466,-0.23944779,0.66927606,0.76084226,0.48752406,-0.042642638,-0.21550065,-0.026140522,-7.872932,-0.2874223,0.11169836,0.21244627,-0.34360582,-0.46572164,0.29613236,-0.014041007,-0.73362976,-0.135962,-0.27256623,-0.2927372,-0.34047163,-0.43908337,-0.18412544,0.5165617,0.3641938,0.1327216,-4.9028695e-05,0.95559263,-0.6709898,-0.513042,1.0309365,-0.1647834,0.08700507,-0.35074246,-0.04958027,-0.07833511,-0.30411735,-0.48772758,0.33663025,-0.8196594,0.8890718,0.110758536,0.12702712,-0.59824735,-0.26363814,-0.4917445,0.21300547,-0.65624076,0.57807195,-1.1141316,0.42468354,0.60324275,0.33163807,-0.47910824,0.17192918,-0.39115754,0.18836409,-0.036145575,0.04663159,-0.5056992,-0.01030316,-0.49912974,-0.05529199,-0.28337038,0.59471685,0.57285637,-0.46034142,0.050761405,0.30871558,-0.536165,-0.6821366,-0.45540947,-0.028340904,-0.39044362,-0.7275285,-0.21856946,0.24120298,-0.19504148,0.04106128,0.6549452,0.16614862,-1.01265,-0.79417723,-0.07572272,-0.31385958,0.29817006,-0.25747016,0.21713659,-0.509365,0.107308276,-0.07204145,-0.16875923,-0.505496,0.29644483,0.07012755,-0.66450447,0.068448976,0.6868536,0.37012097,0.838022,0.39681706,0.14180923,0.575822,-0.913708,0.79516166,-0.8077107,0.4824281,-0.075507306,-0.23602085,-0.049367245,0.30231616,-0.85597694,-0.0720356,-0.48855323,0.384567,0.025671508,0.30333245,0.98659617,0.00020658583,-0.24242917,-0.44662642,0.39890864,-0.051485654,-0.7347079,0.44954652,-0.17817865,-0.23812026,-0.44353226,0.085099556,0.35765144,-1.0490489,-0.99235326,-0.06807658,0.47712997,-0.39492825,-0.472137,-0.84355223,0.23132354,-0.051203035,0.25598666,0.08031553,-0.10205595,0.82689524,-0.42761177,0.19159281,0.031958956,-0.38499653,0.6484718,0.25224948,0.50772655,0.101031885,0.051400173,-0.07228334,-0.12596333,0.47249103,0.30634806,0.12435488,0.5337807,-0.18066622,-0.67278475,0.31758976,-0.54652864,0.2702935,0.30813083,0.8427596,-0.17227256,0.29508883,-0.4544223,-0.28586665,-0.46343789,0.074457355,0.6923708,-0.09715931,0.39204362,0.69200444,-0.16059244,0.014873509,-0.5763379,-0.6826813,1.034236,0.53000456,0.49495754,0.12239095,0.52902246,0.4689208,-0.4712451,-0.03823082,-0.07758058,0.2097078,0.39747846,0.4181799,0.32747123,0.37564552,-0.6974829,0.23810248,-0.16738844,-0.24119763,0.30708426,-0.48083377,0.09607053,-0.27495748,-0.3454722,-0.20605898,-0.56561613,0.27020812,-0.49178046,-0.13726336,0.4329349,-0.3135275,-0.571204,0.15022449,1.261717,-0.92583984,-0.66795206,0.05656772,-0.24675356,0.17131215,-0.04913076,-0.098906144,-0.4447205,0.35380077,0.16746312,-0.36254284,-0.085535936,-0.18391187,-0.22708166,-0.9643109,-0.18778837,-0.32370403,-0.34311843,-0.3495012,0.3942146,-0.9990572,0.42509514,0.29424074,0.3974,0.41413292,-0.08390014,-0.1464337,-1.4847866,0.19435726,-0.14040343,0.38859773,0.0077403877,0.34580085,0.2309113,-0.2447304,-0.0698168,0.43501568,-0.7114839,0.17025639,-0.7868423,-0.4055616,0.45322868,0.13178088,-0.61139756,0.0038556987,0.057029694,-0.4175378,0.2252128,-0.41182438,-0.2766743,0.11542585,-0.6125783,-0.4697544,0.35608172,-0.4512262,0.9325433,-0.6392821,-0.35931987,0.00016065672,-0.013921724,-0.41670892,-0.28655833,0.29156345,0.50341165,-0.17601483,-0.64413106,0.2049343,-0.7853077,-0.58152086,0.6912749,-0.41963464,-0.6385518,-0.5146778,0.038514365,0.387195,0.024803896,0.6154724,-0.2024322,0.4909981,0.9985818,0.6197414,-0.07863048,-0.055873938,0.74994296,-0.3794451,1.088353,0.7231906,-0.026706241,0.2904001,0.19312765,-0.08558772,0.9631525,0.3200373,-0.23574303,-0.47984996,0.76185805,-0.1483635,-0.1482586,0.8203345,-0.24150683,0.24230543,0.71152985,-0.02686298,-0.18696146,0.3066736,0.56705564,-0.41418543,-0.4056019,0.3323683,0.70474225,-0.49989414,-0.23353535,-1.0629578,-0.96798456,-0.20356002,-0.19791181,-0.059538346,0.4800513,-0.053604223,-0.2511047,0.532244,-0.27959228,-0.047708165,-0.4899619,-0.4293499,0.17072496,-0.32025024,0.31251293,-0.42093125,-0.18171285,0.7883484,0.023702951,-0.07777236,-0.19188021,0.328881,-0.17976995,0.54477423,0.17888926,-0.28724882,-0.67926455,-0.18028918,-0.112539835,0.21143377,0.5561114,0.23016985,0.47182465,0.30028242,0.3993928,0.17156915,0.224542,0.19199502,-0.31750786,-0.0034642273,-0.31525123,0.35051063,0.8863367,-0.008870695,-0.12945895,-0.3926531,-0.22708815,-0.30513632,-0.8057371,0.8108554,0.3279377,-0.0041930913,-0.3072116,0.03093835,0.18269725,-0.20317452,0.50645506,0.3128042,-0.5815376,-0.3439545,0.46120226,-0.81401134,0.27069283,-0.06701821,-0.23037495,-0.27704218,-0.67706674,-0.15795198,-0.19959,-0.9165754,-0.46139926,-0.23236562,0.0891052,-0.28005233,0.17169358,0.06186417,-1.4390576,-0.0046901098,0.008392201,-0.39311913,0.23904507,0.54260653,-0.5543144,0.5843333,-0.62143666,-0.80959785,0.40378287,0.41639382,0.22772087,-0.33188584,0.12754078,-0.5757443,-0.45478943,0.22605646,0.3418161,-0.13879284,0.4053338,-0.5048855,-0.72689193,0.17278916,-0.21139137,-0.40427113,-0.022870675,-0.18891785,0.12533754,-0.13198973,-0.07394885,0.21207272,-0.53172433,-0.23735808,-0.85995376,0.9518724,0.4829665,0.06891182,1.1946237,-0.218869,-0.28730226,-0.5218271,-0.26235488,0.6142458,-0.3923208,-0.35947976,0.05810477,0.28545162,0.5302994,0.25613108,-0.61974996,-0.49661678,-0.02584619,0.044303976,0.021950398,-0.65960586,-1.170413,0.2505757,-0.823395,-0.078884654,-0.7513946,-0.0043139816,0.10527158,0.105940655,-0.7030705,0.0010177104,0.015108448
0.53777397,-0.22561665,0.4559209,-0.1265026,0.55562407,-0.11805504,-0.35472652,0.4276849,-0.34110528,-0.3901915,-0.4954963,-0.19662903,-0.008583383,0.25621593,-0.07015898,0.6135532,-0.63270277,0.42282897,0.011864314,0.8408916,0.7395269,-0.05843298,-0.1624516,0.13882312,0.6081908,-0.26342228,0.3431337,-0.14644356,-0.67901945,0.009323436,0.028973836,0.25916123,0.3608629,-0.40785515,-0.12986183,-0.7959985,-0.4763233,-0.31107655,0.14357692,0.59302026,-0.042096518,-0.42354035,0.11637882,0.06311533,0.198225,0.49650264,-0.11357405,-0.16138165,-0.30970457,0.12823163,-0.4365001,0.021469511,0.053619795,0.023290185,0.45860028,0.49630874,0.49630302,-0.43505156,-0.24972509,0.13425176,-0.29718098,0.41375837,0.099080466,-0.13279158,-0.14871994,-0.100868315,0.41851902,0.80416465,-1.0344455,0.34472218,0.16826032,0.2873024,-0.21225996,0.4016087,0.15654811,0.57036287,-0.012690089,0.53936976,0.2814099,-0.18470423,0.30247068,0.078744605,0.55136925,0.27469596,0.063692644,0.6531757,0.011607191,-0.039652586,-0.6904442,0.4483516,-0.30456552,0.30876833,0.27725142,0.13253744,0.8191747,-0.46519595,-0.64128786,-0.40724346,-0.22573003,-0.09855019,0.4993595,0.21649006,-0.18945937,-0.028694896,-0.2705301,-0.060604006,-0.76485133,0.0018109534,-0.14766705,0.40078753,-0.2653615,0.25948057,0.19920956,-0.97086394,-0.17286092,0.030025559,0.2315366,0.27650473,-0.03219393,0.2341346,0.06490909,0.4373609,0.22945416,0.27714875,0.49906307,0.16017464,-0.09578542,-0.19563401,0.23681442,0.4295819,0.83881736,0.23122153,0.015968185,-0.6268633,0.26955196,0.12726134,0.10166749,-0.2244235,0.170479,-0.051831182,-0.23271124,-0.4176283,0.16908993,-0.15162365,0.41787216,-0.075038575,-0.11530991,-0.1942781,-0.37836125,0.11742804,-0.16919921,-0.4198221,-0.005689286,-0.21231577,0.21468447,0.017080473,0.11471245,-0.24968906,0.17777096,-0.45030007,0.06278696,0.26834583,0.0588571,0.3187889,0.010949774,0.17437662,-0.07541379,0.22627872,-0.13913593,-0.34233218,0.20306106,-0.5558591,0.26534703,-0.13541695,0.08748665,0.7478761,0.07479236,0.025396476,0.038550932,0.6965743,-0.55028516,-0.043366365,0.1657473,-1.0093833,0.13684405,0.14273462,0.727929,-0.25946885,0.2543206,-0.07973556,-0.4813848,-0.12700099,0.046271,-0.2580957,0.2680253,-0.15079561,-0.36347985,-0.35533983,-0.08312454,-0.095912024,0.28179893,0.177421,-0.120302886,-0.27447215,-0.6588612,0.07528471,0.029556012,-0.6652182,-0.26689452,-0.13822554,-0.22502188,0.042396557,0.087908804,0.5708146,-0.042983342,0.06639371,-0.18072967,-0.34608337,0.012642274,0.00050994754,-0.07621821,0.032164726,-0.10010131,-0.013686814,-0.12590745,1.3423834,0.115488075,-0.2709243,0.5641042,0.3698116,-0.6626974,0.15415977,-0.008233432,-0.36623538,0.19263974,0.33262447,0.19870561,-0.08732054,0.14988442,-0.19976057,-0.36753646,0.40047684,0.36993423,0.119906515,0.11524716,0.04653672,-0.12938124,-0.21196032,-0.28096923,-0.48544928,0.026822338,0.46140897,-0.4740756,-0.38783792,0.10398069,0.012407525,0.15535346,-0.42019108,-0.26243818,0.36783528,0.34518337,0.008425439,0.16243787,-0.0403768,0.09387519,-0.5852169,0.54128116,0.009775327,0.7034932,0.28793406,-0.27568457,-0.36925516,-0.37802732,0.5692585,0.31818667,-0.19334951,-0.1530309,-0.10989043,0.22140305,-0.4611793,0.14467117,0.41866416,0.09455052,0.05904449,-0.5484059,-0.20168848,0.03734074,-0.29640165,-0.52554566,-0.0051760254,-0.49860343,0.27081138,-0.38603383,0.0020466922,0.76379305,0.3161082,-0.0411232,-0.14955945,-0.34081805,-0.20064816,-0.22754642,-0.14984983,-0.11165659,-0.40099555,0.027334295,0.6960029,-0.318125,-0.6487383,-6.984979,-0.26641026,-0.2749952,-0.32190132,-0.033780467,-0.37706697,0.1596093,-0.047133636,0.30372894,-0.19650665,0.09158041,0.040798318,0.10340902,-0.36208537,-0.34382695,0.30878225,0.25577536,-0.08022304,0.111977205,0.4088063,-0.27829343,-0.34298584,0.13683994,-0.32744136,0.38010505,-0.09672188,-0.6629364,0.0712941,-0.13462539,-0.4343327,-0.15045534,0.028669454,-0.3677502,1.1970156,-0.11928238,-0.49900562,-0.0649293,-0.35817552,-0.30878246,-0.2486491,0.30435023,-0.014927243,-0.29562035,0.09507922,0.7972821,-0.5576305,0.35890937,0.2932638,-0.07912892,0.086849645,0.03451012,-0.59905046,0.0031512373,-0.34022772,-0.083544776,-0.049157616,0.270443,1.0490263,-0.2853287,-0.32749328,0.45242783,-0.5898473,-0.28895366,-0.12626792,-0.41710168,-0.2915371,-0.85705185,-0.6754523,-0.20154981,-0.15189657,-0.5421146,0.46911296,0.14557312,-0.97242796,0.089695394,-0.4062326,0.24715321,0.004421525,-0.55044913,-0.26792178,-0.42765126,-0.15510708,-0.16305928,0.101944596,-0.4819499,-0.060342565,-0.16527171,-0.6169381,-0.64688563,0.12281674,-0.16489857,-0.4188254,0.07004929,-0.18547039,-0.058948208,-0.22702008,0.89366716,-0.120315336,0.40546936,-0.15281236,0.39183676,0.022833219,0.4702507,-0.45929563,-0.5998543,-0.09878469,-0.52870286,-0.23460491,0.05772024,-0.2634182,0.0056637274,-0.20653196,-0.58790916,-0.06110261,-0.17651054,-0.25386316,0.22704634,-0.065815486,0.4195399,-0.6960811,-0.5423709,0.096439146,-0.5095796,-0.57004815,0.4423174,0.15649411,-0.38099387,-0.14680448,-0.52487683,-0.10993008,-0.046317156,-0.40533578,-0.09231697,-0.07029935,0.31431723,-0.3400237,0.10998289,-0.34691024,0.2507631,0.08292396,0.1331421,0.38792226,0.1692992,-0.14634305,0.28585815,-0.21618523,0.13516165,0.58811295,0.05140085,-0.107929066,-0.3652922,-0.50685775,-0.0001307445,-0.023198815,0.43484637,-0.16881588,0.21858193,-0.005239402,-0.2905102,-0.47087845,0.29095832,-0.30209264,-0.012444412,0.33775696,-0.2226548,0.27935866,0.41168103,0.24521935,-0.035567287,-0.85022706,-0.18775608,0.41306672,-0.18240274,-0.09743091,0.28910452,0.53805107,0.464907,-0.290695,0.036757693,0.46373585,-0.26752394,0.12730958,0.2313143,-0.13429464,0.03728953,-0.06226727,0.23807438,0.023295226,0.40348846,0.7444397,-0.3730429,0.41525164,-0.08198697,-0.50588155,0.114603624,-0.67782885,0.4440767,-0.41770992,-0.17206056,0.35684004,-0.26531202,0.09538706,-0.61682266,0.5569925,-0.30298176,0.20950678,0.15474339,0.38551888,0.2280907,-0.20648849,-0.187402,-0.41118923,-0.3959074,-0.39260733,0.23444223,0.34296963,-0.48127055,-0.17847043,-0.35471007,0.16508272,0.060674466,0.36262715,0.32259274,0.033756386,-0.14220065,0.4299375,0.32824737,-0.16676968,0.043990593,-0.050696064,0.21168928,-0.90374136,-0.09401168,-0.14855558,0.36708832,0.031893678,-0.85765326,-0.25911883,0.24046446,-0.48044795,-0.07449674,-0.49309528,-0.64587885,-0.58182925,-0.47141075,-0.015231022,0.019714588,0.06409983,-0.4898965,0.26603293,0.12832247,-0.37906024,0.018685052,-0.57414454,0.38047528,-0.55129457,-0.19711174,-0.20980315,-0.22019373,0.18351611,-0.2397018,0.57905596,-0.06172393,0.43290424,0.045652,0.11588646,-0.26933953,-0.020950899,0.11127168,-0.65796876,-0.51340765,0.17183179,0.13123973,0.37889397,0.03721674,-0.11203316,-0.43483043,-0.31490517,-0.23296799,-0.27600077,-0.38601485,-0.023453468,0.29879186,-0.16473114,0.2016508,-0.18676728,0.17990495,0.3202861,0.10598965,0.11791764,0.31422386,0.5205862,-0.14765088,-0.14755598,-0.5512771,0.3740976,0.43704072,-0.1029537,0.51483154,0.41929686,-0.06303565,0.13132577,0.5198904,0.3220979,0.3693691,0.30021787,0.11858338,-0.13635555,-0.14901602,-0.4225667,-0.024402287,-0.18188168,0.6878225,0.8501606,0.005203548,-0.22070089,-0.61042607,0.030698067,-0.6599073,-0.055713035,0.026918644,0.17935425,0.39637974,-0.080222815,-0.3236012,0.037570972,0.09486308,-0.096450396,0.1216514,-0.06263655,-0.4983346,0.16400856,-0.33366308,0.34116265,0.26043487,-0.35595953,-0.14183861,-0.2797337,-0.04255693,0.06394258,-0.16205072,0.4335865,-0.25605094,0.32714218,-0.071654156,0.039467525,-0.44271797,0.0051531126,0.43210933,0.17836271,0.24283865,0.15656316,0.01625999,0.2809195,0.27717212,-0.024494428,0.57069564,-0.19076061,-0.12501359,0.5900514,0.42236584,0.14400138,0.02673985,-0.665787,-0.3487088,0.08801273,-0.11508844,-0.19704068,-0.13487226,0.20959023,0.4250396,0.17575276,0.040508356,-0.18021864,0.13340777,-0.103471205,0.2785121,-0.15337604,-0.3123243,0.107213736,-0.34524935,-0.3347686,-0.8069625,-0.07424481,0.34584412,-0.23687454,0.08146198,0.21697922,-0.10861897,-0.60145956,-0.28813073,0.24245232,0.6355398,0.27334774,-0.21197443,-0.26367342,0.11936134,0.29523695,0.04015956,-0.14824383,0.1262452,0.0014701666,-0.2130225,0.046387758,0.16501397,-0.24380521,-0.15616776,0.19738811,-0.80472326,0.052780576,-0.15199846,-0.025512002,0.022005921,-0.12065738,-0.052744552,0.09131518,0.41614735,0.046228338,-0.4079824,0.11179862,0.14696604,-0.551121,0.39902252,0.031450547,-0.19102049,-0.6027017,0.070692256,0.16775963,0.21981122,0.28778547,-0.5140698,0.31862548,0.09503319,0.26516756,-0.43412793,-0.41273126,0.07560544,0.20667535,0.20998207,0.0119449105,-0.59027946,0.13352562,0.37008822,-0.16710106,-0.2849789,0.138216,0.19258268,0.038987592,-0.53721404,-0.5655784,-0.17961666,0.025101252,-0.4695515,-0.34467056,0.46593267,-0.07574621,-0.37308884,-0.3992789,-0.2653073,0.12933202
-0.27320856,0.028453438,0.8233596,0.08305664,0.58058757,-0.023327047,-0.46392518,0.19365057,0.050428644,-0.030437876,0.11495838,-0.27356854,-0.13424142,0.41605473,0.040192038,0.033518054,-0.07724458,0.5356889,-0.27509636,0.5831467,0.44431615,-0.060524683,-0.06133864,0.33298674,-0.2756872,0.06758103,0.3447069,0.17996031,-0.19738564,0.4891454,-0.13551785,0.47624165,0.30492562,-0.25469407,0.25565743,-0.27090868,-0.3692987,0.10867968,0.16807963,0.23510893,-0.6185722,-0.5042654,0.4603549,-0.110661335,0.44171283,0.5211219,-0.15378903,-0.30489716,0.0043195407,0.16434303,-0.62213266,-0.0443252,-0.3724774,-0.3999062,0.373895,0.6445578,0.4543092,-1.0260862,0.38184357,0.00094768615,-0.42000344,-0.2927,-0.033239488,-0.18996915,-0.46935353,-0.27016088,0.44125926,0.3401237,-1.0623739,0.17760447,-0.022904359,-0.029920682,-0.03841287,-0.10847935,0.5461834,-0.00036680684,-0.24552098,0.27413663,0.1593657,0.14382179,-0.02716413,0.3790738,0.7226909,0.5233064,0.016499735,0.3373891,0.23374492,-0.39675853,-0.47194293,0.44334376,-0.26467922,-0.25450867,0.12298408,0.4336026,0.38904598,-0.53177875,-1.0754023,0.2356917,0.22492751,0.5651091,0.367076,0.30141193,0.22814804,0.043616734,-0.60102534,-0.37299904,-0.50903904,0.28063983,-0.15866022,0.19079378,0.04855861,-0.12589824,0.29529008,-0.5244129,0.021720828,-0.16771945,-0.24162142,0.17094497,0.46628562,-0.2975093,-0.22430135,0.2976892,0.011877192,0.3728888,0.2581804,0.23012862,0.0909577,-0.2104044,0.491654,0.44288012,-0.026239596,0.52888715,0.41285056,-0.30311343,0.48042384,-0.14164206,0.3323428,0.02983922,-0.10710198,-0.34509227,-0.54329246,0.09779549,-0.083700486,0.3894972,0.42743057,0.20132172,-0.38500503,0.03529707,-0.03447289,0.28309292,-0.4192339,0.22164816,-0.20580754,0.1497894,0.20613798,-0.05756146,-0.06492987,0.18064043,-0.3151895,0.043621883,0.08011382,-0.038586203,-0.31961784,-0.04818222,0.38960773,0.15660547,0.078533515,0.21783759,0.070662,-0.13119814,0.09992505,-0.84852403,-0.16922235,0.3349246,0.1568523,-0.026136586,0.1466941,0.21057756,-0.104937315,0.34257603,-0.5510434,-0.0024809933,-0.18312033,-0.22729078,-0.04278842,0.20435216,0.61863893,-0.26212093,-0.25143823,-0.49836117,-0.4042233,-0.16001557,0.055711385,0.17823237,0.40556762,-0.40181267,-0.050401144,-0.55859953,0.20327911,0.2699742,0.11235793,0.040442064,0.15735474,-0.22260575,-0.11434409,0.15667608,0.039306186,-0.2938039,-0.6445787,0.20182866,0.070151985,-0.14610413,-0.06353957,0.15666802,0.47135377,-0.078486346,-0.2900448,-0.57750326,0.30991894,-0.31859034,-0.19076319,-0.15403916,0.010163939,0.2677789,-0.5832193,1.4494556,0.17016168,-0.57946783,0.3450537,0.12575036,-0.06413847,-0.13641009,-0.0070628417,-0.7664135,-0.022670668,0.372363,0.2924019,0.04062612,0.106904,0.010097019,-0.33626664,0.5775824,0.257654,-0.723857,0.113152005,-0.13256443,-0.31248626,-0.29045552,0.1928006,-0.34373325,0.106066294,0.43542016,0.034703836,-0.17505684,0.28060132,-0.050344788,0.36751246,-0.08251155,-0.43553573,0.4878415,0.1090493,0.16716206,0.17695406,-0.17393243,0.021814918,-0.6463448,-0.0015924583,0.554808,0.3081229,0.16209334,-0.43722695,-0.22904098,-0.45138672,0.5542355,-0.3325216,-0.3831455,-0.09360697,-0.0024324253,0.48492682,-0.54175234,-0.057630386,0.2109452,0.5121088,0.43114835,-0.34293422,0.20879869,0.4164995,0.13573897,-0.21234567,-0.27189422,-0.12332272,0.48832026,-0.68235946,-0.11964429,0.888721,0.41484085,0.07427528,-0.26884514,-0.018095778,-0.7274982,-0.5273378,0.10424689,0.09651247,0.16030961,0.0808913,-0.004540028,-0.41748554,-0.65988386,-9.941553,-0.15551245,-0.49902803,-0.07813012,0.13452372,-0.5929137,-0.2594646,0.23505697,-0.03616731,0.221952,-0.121379204,-0.004352297,0.24762794,-0.33190423,-0.26092067,0.0127613405,-0.052778482,0.10575264,-0.4012661,0.32134083,0.22747654,-0.76793975,0.38572162,-0.309583,0.52338445,-0.29690427,-0.09735213,-0.14401674,-0.16047302,-0.3868468,-0.64193624,0.16021074,-0.10442696,1.1242679,-0.21590213,-0.6633847,0.14840181,-0.37565738,0.15047948,-0.24187198,0.5609512,-0.2747672,-0.113547176,0.35711467,0.75376403,-0.25266695,-0.079094335,0.65577245,-0.1951346,0.23838031,-0.36096966,-0.3512666,-0.17455876,-0.5197735,0.16908707,0.32583383,0.26133853,0.61307013,-0.17476048,0.012266126,0.629187,-0.32208493,-0.9421544,-0.18772668,-0.15655805,-0.2151423,-0.76951045,-0.62871,-0.2854563,0.13947679,-0.51093525,0.39721358,0.33743095,-1.2929585,-0.1852632,-0.2763142,-0.22158058,0.23294431,-0.3289705,0.26044664,-0.7218411,-0.0058488655,0.114557944,0.029728673,-0.5038529,0.03845435,-0.15270512,-0.28516138,0.14907189,0.42915848,0.77832,-0.8085218,-0.09402571,0.031286485,-0.1902617,-0.7295816,0.52098864,-0.21893017,0.22378826,-0.17927904,0.31419185,0.13800026,0.2461396,-0.84420604,-0.5035574,-0.06675843,-0.54527867,-0.19383465,0.05341228,0.26123023,0.082344696,-0.58359057,-0.009341254,-0.2740485,-0.12831493,0.112956494,0.2578924,0.4206548,0.25913498,-0.7625383,-0.8608666,0.39193866,-0.36616057,-1.0871865,0.028049974,0.30917785,-0.37683192,0.30866212,-0.27305415,-0.6284244,-0.43035385,-0.28113368,0.0454093,0.4116531,0.23616663,-0.39625823,-0.2977351,-0.18515886,-0.1799642,-0.14191376,0.48188263,-0.04837349,0.42901355,0.034398057,0.31053734,-0.44076425,-0.13812429,-0.28749081,0.032733206,0.16012384,-0.21675636,-0.2218484,0.3182658,-0.20890094,-0.38212696,-0.2322248,-0.0077435123,-0.20163698,-0.08236935,-0.9268938,0.589797,0.54039073,-0.26253083,0.24647963,0.23230387,0.33243057,0.19181009,-0.029550971,0.01960106,-0.20796932,-0.4702941,-0.17847012,0.16662809,-0.2321346,0.1298428,0.5957807,0.44126242,-0.8839095,-0.38271946,0.6187867,0.3091318,0.12846994,0.11727249,-0.06353269,0.4325559,-0.46696717,-0.05997241,0.21295397,0.42676955,-0.16368544,-0.46177238,0.53831446,-0.3008838,-0.17319632,-0.17552632,-0.5100375,0.08578225,0.12159018,0.14605956,-0.3948189,-0.21163926,0.13770452,0.05505156,0.40758723,0.45259765,0.1559815,0.109086365,0.48496002,0.26973942,-0.03145895,0.23372713,-0.5661269,-0.052547213,-0.3374371,0.49026692,0.26151463,-0.25686902,-0.007932637,-0.5913155,0.08254771,-0.13227955,0.47795647,0.2888009,-0.08961976,-0.28027377,-0.0719502,0.35224506,0.06275355,-0.3061043,0.18074459,-0.07856752,-1.4318483,0.43755254,-0.1547236,0.300434,-0.37048137,-0.9127519,0.17820615,0.20093685,0.093423106,0.05374444,-0.5913048,-0.14860941,-0.6170797,-0.52325386,-0.3754215,-0.06842936,0.0077694715,-0.8011265,0.42635536,0.146321,-0.30780137,-0.08664656,-0.43877715,0.24741118,-0.78017944,-0.17595974,-0.10857896,-0.60130167,-0.020959383,-0.52797145,0.085579835,-0.20091105,0.34237826,0.20703603,0.2854316,0.24307851,-0.040390078,0.23432937,-0.16032928,-0.0066489195,-0.09302184,0.227018,0.23599763,-0.5877012,-0.5377509,-0.4523788,-0.17052616,0.032284666,-0.10043655,-0.63315856,-0.10421841,0.2887027,0.03648634,-0.110806316,-0.010838263,0.10836195,-0.3924243,0.54337424,0.15294799,0.49122876,0.13769321,-0.32156307,-0.17248595,-0.55012316,0.10698011,0.21563822,-0.20970735,0.26932153,0.52922225,0.55955225,0.40486014,0.5649511,0.043060303,0.28919372,0.16993515,-0.12378927,-0.12094321,-0.2837722,-0.3276038,-0.07439969,-0.2595978,0.63219637,0.6395163,0.21540853,-0.24466285,-0.09713782,0.38100165,-0.40231186,-0.22056687,-0.039663658,0.25932533,0.30347842,0.07320955,0.06163131,0.3292333,-0.066758454,-0.5706754,0.17084815,0.5806127,0.16070735,-0.3960173,-0.3386175,0.034016576,0.1507576,-0.0453771,-0.0015954411,0.067642115,-0.2783598,-0.01050989,0.12987262,-0.08536937,-0.21209122,-0.034787238,0.13905473,0.43970153,-0.4335719,0.27237332,0.56178236,0.40989935,0.15034217,-0.14322709,-0.24861102,0.3088256,-0.030785287,-0.0015618209,0.103342704,-0.48513752,0.6665953,0.69730973,0.13170558,0.07930443,0.34701923,-0.82477874,-0.22049597,0.1780683,-0.1282021,0.21140611,-0.084836744,-0.2686394,-0.15698251,0.02895851,0.58647597,0.37704778,0.3425563,-0.07705665,-0.21680772,-0.2737818,-0.28594708,0.19361524,-0.79416764,-0.4061322,-0.14763306,-0.3235483,-0.37277982,-0.28526452,-0.25252408,0.0310076,0.11402685,-0.5166761,-0.41392344,-0.06561016,0.32990342,-0.31500682,0.037335683,-0.12775786,-0.09226136,-0.078778334,0.40426308,-0.07653297,0.1050832,-0.20690072,-0.43884343,-0.37632048,-0.0705175,0.27491784,0.12757207,0.37338695,-1.1194714,0.29627764,0.26283458,-0.02525013,0.09685168,-0.27983868,-0.22367968,0.31190643,0.5199332,0.0868935,-0.66214544,0.26456782,-0.009308853,-0.8962893,0.62477076,-0.37762406,0.2129326,-0.07926491,0.49167433,0.00037680552,0.49589843,-0.124773175,-0.033116847,0.8477157,0.5735725,0.2994142,-0.11964046,0.24359117,-0.0329833,0.010512004,-0.41409722,0.3727895,-0.61871785,0.40069726,0.3371164,0.0992594,-0.17223045,-0.06058657,-0.14771354,-0.17460269,-0.6057334,-0.1944268,-0.13039866,0.14988554,-0.28154287,-0.52748555,0.54494023,0.5190691,-0.25565532,-0.3216125,-0.22984964,-0.120295055
0.33531752,-0.3928669,0.81234735,0.23737143,0.5058658,-0.22488657,-0.13648623,0.47968856,0.19875465,-0.063243285,0.1899707,-0.25579715,0.18361466,0.37558895,0.18240815,-0.21694301,-0.4842401,0.6372333,-0.05312041,0.38461608,0.008565061,-0.055768915,-0.13918523,0.1769113,0.3026987,0.18150909,0.059119735,-0.2244026,-0.5223989,-0.13646193,0.16066177,0.5020159,0.46170464,-0.3808143,0.19838576,-0.63205093,-0.2887199,-0.23278633,0.12004294,0.07606389,-0.2698403,-0.20592684,0.6494318,0.041115988,-0.15719087,0.3385275,-0.10775642,-0.4710323,0.17720786,-0.20588285,-0.124109976,0.27349475,-0.4543867,-0.573986,0.27260306,0.32985565,-0.20192476,-0.64460814,-0.0001544854,0.27229333,-0.020853259,-0.12202732,0.24657649,-0.12621547,-0.4365884,-0.30882013,0.41537708,0.3588821,-0.4863604,0.23343672,0.05462968,-0.19962177,0.04971268,-0.110011,-0.23837799,0.061180953,-0.26319805,0.47630206,0.10532986,-0.23686653,-0.3899449,0.062016193,0.87065214,0.2286798,0.42784578,0.43033165,0.06584577,-0.2029019,0.28735727,1.0588878,-0.086536705,0.15265381,0.39041665,0.04610164,0.5189181,-0.7204025,-0.20425667,-0.2252007,-0.13126144,0.56315184,0.59197104,-0.5127107,-0.49666274,-0.22278805,-0.020452011,0.23947887,-0.22159399,0.20117608,0.12372326,-0.035809036,0.13281024,-0.24673866,0.12020382,-0.059921607,-0.08910548,0.2776673,-0.2506845,0.40560502,0.13307531,-0.03588085,-0.17517458,0.109778345,-0.17572756,0.40014032,0.8409771,0.54090893,0.36260268,-0.20229036,0.23143646,-0.068850085,0.20478432,0.15738073,0.17191316,-0.45556,0.35077256,-0.0693212,0.14950514,-0.008380302,0.039173685,-0.45260718,-0.22646487,0.3077348,-0.057143487,0.53941995,0.306907,-0.032723483,0.1644709,-0.3480831,-0.20848808,0.31999075,-0.22135049,0.027725138,-0.49835017,-0.32147968,-0.20205714,-0.4119922,-0.60130256,-0.045424737,0.101890564,0.24084172,0.44978222,0.2682072,-0.5648619,0.19305365,-0.2982482,0.28246754,0.018766368,0.5467144,-0.34275827,0.22494705,0.3181587,-0.13392577,-0.048746385,0.114106104,0.56263673,-0.09723076,-0.00028663338,-0.019885687,0.0054101115,0.51504797,-0.35907882,-0.121214114,0.7664875,0.03214329,0.009492185,0.023380833,0.70029557,-0.00066171953,0.331995,0.09975672,-0.28034657,0.077626795,0.16304862,-0.28901732,0.04118696,-0.44807792,-0.23892878,-0.17835528,0.523646,-0.056766648,0.10822715,0.18455137,0.2500352,-0.2932717,-0.45669118,0.38843402,-0.30392978,-0.16786863,-0.27761558,0.3749892,0.031535927,0.08392549,0.096102916,-0.017669316,-0.03498012,0.20609577,-0.015280612,-0.36382797,-0.25199243,-0.1046513,-0.089509696,-0.009108827,-0.3653458,-0.21235007,-0.28974563,1.111452,-0.08563045,-0.49133795,0.47986954,0.0545741,-0.39166695,0.035369918,-0.104612105,0.09317002,0.3521899,0.3693781,-0.22223672,-0.79696035,-0.018550115,0.30341834,-0.38308007,0.18197432,0.30515498,-0.012063546,-0.11030344,0.46381477,-0.39358625,-0.17862362,0.039633665,-0.54099864,-0.13704775,-0.28824008,-0.26903355,-0.31658313,0.22835173,-0.37534398,-0.2547633,-0.18441936,-0.40687978,0.0595445,0.69805616,0.2637757,0.25165695,0.030904785,0.3552719,-0.64032555,-0.19994833,0.28795728,0.3987781,0.49231964,-0.32957482,-0.04457482,-0.20033027,0.55374193,0.0810244,-0.18338175,0.20128246,0.28102368,0.17280914,-0.2836882,0.11108246,-0.061325673,-0.05119571,0.11236725,-0.08069876,-0.057452887,0.4292532,0.32358578,-0.5641982,-0.3711135,-0.10672773,0.41283783,-0.53206325,-0.27327508,0.86160487,0.35117766,-0.2364094,0.4694193,-0.3333376,-0.6258212,0.4506196,0.18524724,0.24211508,0.02531473,0.26919872,0.036045585,-0.32705072,-1.0054129,-9.743594,-0.16071346,-0.2700633,-0.20419714,-0.042289678,-0.13266553,0.100674465,0.2471586,-0.070023164,-0.050817613,-0.17362764,-0.21410286,-0.0010990317,-0.45729336,-0.2791376,0.38555703,0.55490285,0.46317905,-0.15811332,-0.1556427,-0.3839478,-0.62471604,0.5547596,-0.070212156,0.42721418,0.18844579,0.28706056,-0.23481548,-0.033262208,0.19173345,-0.020602714,-0.15922962,-0.08255718,1.5074334,-0.050168734,-0.07924967,0.03385556,-0.6243129,0.11820303,0.09666688,0.043283205,-0.20162359,0.040303845,0.26974633,0.87394315,-0.7276078,0.44856164,0.5257633,-0.12682103,-0.03099135,-0.43255603,-0.23132391,-0.16270527,-0.23908325,0.021964423,0.12149909,-0.058586515,1.0785743,-0.023359012,-0.20374876,0.19239555,-0.30596587,-0.34286577,0.33020198,-0.50494754,-0.28600943,-0.76463157,-0.45055228,-0.09931182,0.06719928,-0.034677763,0.039046258,-0.032503974,-1.5346326,-0.39974976,0.41969734,0.18799286,0.65089655,-0.3842881,-0.13198358,-0.4141324,-0.4893315,0.017858595,0.035344593,-0.29417098,-0.5419778,-0.14952926,-0.43723103,-0.03703283,0.029934252,0.24889351,0.12635794,0.41602013,0.10478673,-0.40381923,-0.42052552,0.42076424,-0.6166075,-0.111703455,-0.30170038,0.0070132352,0.38762128,0.37160274,-0.34394246,-0.32257748,0.039880417,-0.24398856,0.083053485,-0.2623451,0.10811994,0.10656625,-0.26677218,-0.47820568,0.034771893,-0.5656266,0.26388538,0.32975024,0.31117508,-0.18235463,-0.48587608,-0.30058905,0.10719323,-0.556451,-0.8050957,0.027800942,0.26909098,-0.26904437,-0.42859504,-0.5730634,-0.47267795,-0.46550232,-0.1983878,-0.23098592,0.15469812,0.084774904,-0.11491067,-0.06775976,-0.24688786,0.0021491444,0.37779036,0.15913144,0.14624554,0.11056389,0.1823596,0.27274212,-0.23774011,0.28647292,0.25099263,-0.40073833,0.06715987,-0.8893112,-0.6997053,-0.055495996,-0.39508766,-0.177486,0.113428466,0.3929695,-0.17661247,-0.21120855,-0.5592993,0.27828637,0.061094318,-0.068902284,0.72200394,-4.3436736e-05,0.25631085,-0.15995604,0.0649544,-0.11380213,-0.12770307,-0.008356367,0.5781323,0.21759433,0.16850717,0.29291624,0.2889996,0.41021997,-0.38490307,-0.036868125,0.2338177,0.3907125,0.0003017392,-0.08170155,-0.529277,0.6753075,-0.19726303,0.15213445,0.2855229,0.59465444,0.08377125,-0.57043624,0.9814895,-0.236269,-0.387197,-0.1960076,-0.74441457,0.3272059,-0.1447797,0.12909189,0.45713997,-0.6984844,-0.074705295,-0.8291824,0.47127202,-0.18719481,0.26861012,0.4186685,0.5935938,0.27543667,0.120668165,-0.36841717,-0.89573497,-0.029435676,-0.2753353,0.32707226,0.10964241,-0.43501863,-0.19048257,-0.7356957,0.10754095,-0.41062352,0.22346805,0.0030825317,0.3419634,0.066484325,-0.10764382,0.24207163,0.03990362,-0.22189823,0.007328596,-0.18025216,-1.1098007,0.07773375,-0.3317574,-0.21766976,0.2939422,-0.58851796,0.07697361,-0.18393737,-0.40542212,-0.53805935,-0.72114927,-0.11554095,-0.5407841,-0.57848597,-0.06588831,-0.5781807,0.35452893,-0.24252348,-0.10713091,0.15250498,-0.07336193,-0.17752416,-0.45619747,0.04607318,-0.5524459,-0.5741922,-0.0998282,-0.40268117,0.537955,-0.60474366,0.29896677,0.32551742,0.3597916,0.14834164,-0.027974203,0.053187717,-0.043225817,0.042728778,-0.29679218,0.13896173,0.06362846,0.21972384,0.18607563,-0.18091726,-0.33606595,-0.49066186,-0.5142101,-0.13306874,-0.16850273,-0.4062736,0.08566455,0.29424235,0.03784497,0.0500591,0.10126254,-0.18941714,0.30822244,-0.047683798,0.7022159,0.15909341,0.43826595,-0.00045236427,-0.108218975,-0.63216126,0.32845974,0.7304195,-0.5946535,0.13398509,0.2319578,0.001482573,-0.26794097,0.37330392,0.4740221,-0.24344723,0.27367628,-0.26502743,-0.19771215,-0.20354158,-0.36843365,-0.3331678,-0.46076855,0.63553095,0.7930559,0.08177774,-0.44924104,-0.16053616,-0.18897031,-0.6983027,0.107436985,-0.17815419,0.22784635,0.59755415,0.0050354563,-0.13831893,0.13278915,-0.35299313,-0.31018552,0.19854225,-0.029256241,-0.16116318,0.27864927,-0.32225648,-0.05997423,0.2848066,-0.189031,-0.22523575,-0.23545258,-0.41193062,0.3310312,-0.03792238,0.00032240778,0.29101688,0.41337022,-0.05218542,0.35598782,-0.25951973,-0.20985006,0.9676407,0.44658726,0.5090913,0.25365472,-0.026259564,-0.037207354,0.31844458,-0.0870473,0.13781084,-0.22295849,0.08300378,0.61810577,0.14685245,0.21729437,-0.07239896,-0.6694535,0.08560522,0.03153117,0.16310966,0.11250756,-0.04384148,0.27812096,0.11961494,-0.034781702,0.5438059,-0.14686814,0.02266537,0.00067811355,-0.32148632,0.082015544,-0.41272476,0.2504196,-0.4241156,-0.30987665,-0.67472047,0.06354762,-0.02340946,-0.3899136,-0.11991093,-0.22240055,0.22559369,-0.25231847,-0.3572031,0.3633721,-0.286667,-0.07823905,-0.058779184,-0.19226395,0.17925394,0.17205982,0.024829013,-0.0826677,0.25789565,-0.70822096,-0.4131987,0.056799594,0.059574533,0.36051753,-0.13213922,0.4772915,-0.6374292,-0.26239341,0.18170725,0.49912536,-0.09912805,0.0708068,-0.3891597,-0.026039464,0.15893172,-0.14756124,-0.1238186,-0.13906181,0.0048895506,-0.5257414,-0.23163256,-0.35761583,0.054579716,-0.21127596,-0.15804261,0.025093507,-0.032185216,-0.051872417,-0.11095994,0.36172345,0.6600691,-0.22139508,-0.057607867,-0.0006055676,0.17678602,-0.15785614,-0.05918493,0.34389913,-0.36919725,-0.37915048,-0.035995085,-0.1114614,-0.22054306,0.29523772,0.4532354,-0.32651034,-0.83702004,-0.68633795,-0.49292564,0.13623008,-0.056834303,0.05176261,0.08010845,0.55715394,-0.46526852,-0.67697686,0.20152146,0.0932284
0.06827101,-0.59724337,0.021184254,0.010663228,0.3728176,0.019627528,-0.23013546,0.17787452,-0.22959189,0.52028316,-0.05541016,-0.35814193,-0.06658514,0.41405913,0.14982542,0.545024,0.2535412,-0.09576996,-0.042814028,-0.2179272,-0.11830799,0.017413039,0.29181272,0.43947005,0.4000904,0.4324914,0.39442474,0.6903747,-0.6639061,0.030641617,0.63457793,0.12618156,0.007381851,-0.1736981,0.21427268,-0.34017396,-0.42411146,-0.010857415,-0.39183736,0.0449881,-0.43147781,-0.085558414,0.06080713,0.37661862,0.38091183,-0.18276398,0.06433694,-0.38490254,-0.35694882,-0.15935639,-0.4081756,0.159555,-0.43857142,-0.5173159,-0.02763203,0.46672645,-0.16266984,-0.5075638,-0.18877572,-0.06641205,0.51025367,-0.22940184,-0.01189526,-0.35064164,-0.13305053,-0.15766619,0.29612577,0.26411086,-0.62256074,0.46470684,0.21028459,0.36180606,-0.36926925,0.49463677,-0.017224165,-0.35398918,-0.5283703,0.23022673,0.031961247,0.15143944,-0.2805428,0.31804484,0.13231076,-0.08662129,0.23372008,0.24225488,0.022869978,0.14189555,0.47231415,0.8724564,-0.5195206,0.21135806,-0.23052719,-0.0719368,-0.35864076,-0.29264638,-0.32899702,-0.13472609,0.44724047,-0.03599707,0.18146372,-0.22976398,-0.31605732,0.25467956,-0.30581897,-0.12415654,-0.59334356,0.28749108,-0.5569902,-0.11835062,-0.23125528,-0.16548592,0.22159304,-0.5956509,0.05005686,-0.3791405,0.049891103,0.024604093,0.120684244,-0.4119128,0.31129193,0.22014393,0.14601889,0.3682085,0.34414682,-0.015090031,0.32803717,-0.06135109,0.3634205,0.3694086,0.39741465,0.29276213,0.0013985406,-0.36225057,-0.07675429,-0.000580201,0.1903542,-0.3823832,-0.22509404,-0.8046308,-0.3803489,0.23285513,-0.13851547,0.5776622,0.112102024,-0.12135258,0.3475911,0.16249138,-0.26787382,0.6974182,-0.35576013,0.07747653,-0.36217126,0.07005466,0.023723276,-0.05578789,0.33668828,0.07568881,-0.017963514,0.4321849,0.06272131,-0.4786371,0.13760628,-0.24977991,-0.34884912,-0.2601154,0.106127225,0.07853513,-0.40887138,-0.33603182,-0.42518026,-0.8006919,-0.3262597,-0.33423442,0.50912595,0.2853191,-0.4672136,-0.090128295,-0.10988832,0.47866642,-0.7832687,0.59019434,0.5282164,-0.010076071,0.470324,0.18558116,0.18191537,-0.36755696,0.54648477,0.087105826,-0.37333533,-0.06994967,0.1735288,0.3179189,-0.46640915,-0.084887564,-0.044271674,-0.23251092,0.43603718,-0.021720514,-0.2904457,0.30204082,-0.6062801,-0.29572546,-0.16708264,0.51135457,0.238792,0.09438727,-0.5922802,-0.2129686,-0.12013388,0.029184472,-0.070729256,0.096236885,0.51193005,-0.43100816,-0.24934596,-0.18053043,0.24907275,0.03947377,0.002927773,-0.11988337,0.1399965,0.31359294,-0.43480387,1.4659401,0.060722314,-0.3413714,0.40475234,-0.0018993723,0.0002445283,-0.55896086,0.3178998,-0.16981731,0.013370415,0.24252777,-0.71554595,0.0018596869,0.69338846,0.20935173,-0.38342103,0.08863843,0.1718997,-0.03301381,0.12718257,0.20813814,-0.29492193,-0.7259691,-0.18723413,-0.0057982467,0.30312884,0.13688327,-0.13239759,-0.04619781,0.04336545,-0.111448094,0.22951655,-0.4938898,-0.306782,-0.21942194,0.063174315,-0.3036318,0.5297717,-0.024057746,-0.0015349899,0.023318918,0.2790298,0.3148411,0.4720259,-0.15972306,-0.03959753,0.08283686,-0.29237592,0.76061106,-0.123050086,-0.37542197,-0.0541898,-0.01318303,-0.2315938,-0.5874163,0.22819358,-0.21986455,-0.1524082,-0.13411619,-0.17137809,0.36644197,-0.6282518,-0.011603092,0.012755608,-0.24258736,-0.058629483,0.27902907,-0.21548012,-0.31883276,0.44785133,0.24201024,-0.41112414,0.12039588,-0.10279366,-0.34113246,-0.059964266,0.2250613,-0.1043353,-0.07646834,-0.27303964,-0.12019458,-0.08980577,-0.40882248,-7.6717396,-0.46703422,-0.45019957,-0.27699134,0.4002266,-0.38322213,0.066988334,0.13001655,-0.019146284,0.070142634,-0.17342351,-0.7288041,0.106785886,-0.99188775,0.024663659,0.1675846,0.6354606,-0.122769415,0.3302967,0.0742814,-0.10954091,-1.0831445,0.22065869,0.09879388,0.25869346,-0.0925232,-0.028937329,-0.080539934,-0.21643394,-0.52767295,-0.043671817,-0.13457112,0.3375055,1.4808499,-0.41493252,-0.6725067,-0.4930081,-0.2695202,0.02533239,-0.17785051,0.31930608,0.05406308,-0.09915921,0.2746585,0.6887807,-0.38817805,0.21731184,0.12039785,-0.51222146,0.18504383,0.09727991,0.17885077,-0.25599578,-0.4144568,-0.24674438,0.24056728,-0.51761174,0.18557383,-0.07852099,0.19146794,0.322071,-0.1628655,0.06902057,0.18217473,0.023966026,0.3159296,-0.49195817,-0.6379994,-0.049773768,-0.4069545,-0.2589141,0.03388623,0.64897734,-1.0939848,-0.59967417,-0.18794398,0.55615884,0.618181,-0.7118083,-0.14544663,-0.15240878,-0.006023009,0.2812811,-0.12597933,-0.38507867,-0.06341682,0.13957652,0.004183575,-0.35652477,0.08572054,0.16203208,0.16888648,0.7068566,0.07064352,-0.3865351,-0.27796546,-0.10146665,0.067509726,-0.28227535,-0.27082562,-0.074889585,0.23391725,-0.23161317,-0.3996609,-0.51495546,-0.21300372,-0.23602839,0.04513092,-0.5228825,-0.102341354,0.49296153,0.04274929,-0.035759553,-0.19545032,0.3647601,-0.07208295,0.1691395,0.365936,0.14779776,-0.17393391,0.10603043,0.25089186,-0.26286706,-0.5552527,-0.28422225,0.0061235195,-0.47714806,0.112045154,-0.13601708,-0.2206778,0.06815962,-0.32545304,0.21000585,-0.2260424,-0.18663019,0.03872756,0.016683416,-0.0863507,-0.41661274,0.0033135524,0.38831463,0.24304055,0.39581656,0.1486864,0.3247489,-0.3031418,0.2871269,0.30827376,0.3021258,0.5112715,-0.2756588,-1.0188832,0.46107152,-0.108114414,-0.28524253,0.28986737,0.49368748,-0.35470498,-0.21674313,-0.6263359,0.22519854,0.46493268,-0.021626899,-0.49425885,-0.3186489,0.15627126,0.18581776,0.12819424,0.648206,0.39479473,-0.05836282,0.08204453,0.011623437,0.098865926,0.28907868,0.22793138,0.08678512,-0.57618254,-0.1930815,0.47825354,0.32274514,0.097899444,0.15824512,0.45898926,0.5684674,-0.22190088,-0.10742924,-0.23179354,0.048775516,0.32377818,-0.1840115,0.27818847,0.21693645,-0.43010727,0.028850904,-0.75996226,0.03173268,-0.0012494043,-0.32460558,0.57714987,-0.46868503,0.65136474,0.21813327,-0.17741737,-0.17413935,0.14038317,0.33814692,0.3301958,0.1356732,-0.276904,-0.2918694,0.008923593,-0.47222424,-0.2247402,-0.15419406,0.3132437,0.18465896,-0.5652164,-0.16406776,-0.11280055,0.038302556,-0.02215782,0.25048777,-0.34252858,-0.28868932,0.19768286,0.2800698,-0.24330898,-0.5996579,0.30360526,-0.46761665,-1.5158888,0.0672999,0.24556524,0.4830003,0.07001345,-0.05626217,-0.27513745,0.21951467,-0.44440183,-0.44225934,-0.5026178,0.15967515,-0.34038723,-0.026960319,-0.12928395,0.06763088,0.07063534,-0.12487259,-0.029698413,0.17919637,-0.27801743,0.17240648,-0.31218526,-0.17886995,-0.4338281,0.21532337,-0.43972665,-0.18247776,0.18086809,-0.7730866,-0.040742245,0.29596955,-0.45467702,-0.08441844,-0.13040479,0.11443103,0.23469847,0.11157607,-0.28041664,0.22172566,-0.44928318,-0.07347021,-0.042814337,-0.2936765,-0.09929684,-0.36450145,-0.75979185,-0.071018815,-0.6671913,-0.023448903,-0.12996672,0.41164485,-0.06076962,0.20865041,0.049999148,-0.4063721,0.2442698,-0.16946058,-0.17716008,0.37064397,0.34957942,-0.27710766,-0.3333575,-0.8189838,0.39939824,0.4093031,0.022072213,-0.00036318423,0.60504603,0.20765583,-0.11117365,0.53074527,0.13023086,-0.39481363,0.32349205,0.12582342,-0.3101109,-0.0006832178,-0.53360486,0.18077055,-0.46238208,0.44951087,0.31545126,-0.42157567,-0.39555636,-0.35614377,-0.007852729,-0.2853574,-0.15935184,0.14595401,0.19386126,0.36406872,-0.5245345,0.09411523,0.29324195,-0.19948807,-0.17093797,0.33681193,0.2285935,-0.2302371,-0.4786762,-0.00020294175,-0.062484037,0.4302672,-0.15275538,0.2701304,-0.130888,-0.12370982,0.16798882,0.13654083,0.19255912,-0.21866018,-0.05921165,-0.18719938,0.21017483,0.088141404,0.025287287,0.2910031,0.5556766,0.045236822,-0.48499787,0.5744805,0.4908079,0.27204904,0.31987256,-0.41116852,0.13118105,0.084422484,0.66773313,0.44593692,0.29136375,0.24538158,-0.47912562,-0.24417482,-0.06236955,0.16790593,-0.26091683,0.34885404,0.07176801,0.034444187,-0.12972724,0.46037486,0.01120925,0.29229823,0.042197533,-0.3214493,0.112847835,-0.14152634,0.3154375,-0.45465097,-0.014553409,-0.48631832,-0.4845896,-0.07315149,-0.31431356,-0.08138237,9.843498e-05,-0.20244768,-0.32585162,-0.42785752,0.0004140282,0.25075123,0.52711296,0.019401627,0.14154753,-0.30516976,0.09191274,0.4111473,-0.22965576,0.42683074,-0.21896553,0.09520207,0.07445521,0.33769745,0.016018402,-0.18367302,0.2256437,-0.72933006,-0.6223655,0.06443921,0.27004802,0.0724438,0.20063303,-0.0076673236,0.27348155,0.05783365,-0.15900832,-0.8293321,0.032828726,-0.028438272,-0.7036868,0.060889754,-0.10608091,-0.29120076,-0.38716617,0.18602827,0.260605,-0.024456952,0.20535591,0.0128443595,0.17436534,0.4551799,0.34533674,-0.3104505,0.46458066,-0.28755605,-0.28636548,-0.53300303,0.44997326,-0.17700957,0.35517964,0.35001773,-0.5833553,0.16408786,-0.148336,0.010004499,-0.11320257,-0.4097706,0.18290491,-0.32311115,0.13268884,0.51563,0.10638896,0.469239,0.3613664,-0.29170558,-0.33023915,0.27692887,0.22813952
0.68714726,-0.200116,0.43044436,0.18514407,0.41403842,-0.30148438,-0.0866865,0.9451238,-0.12700525,-0.5699823,0.12836047,0.16229959,-0.029239643,0.26569983,-0.13541706,0.5506981,-0.44257674,0.5541681,-0.1969516,0.04336136,0.37295514,0.10114094,-0.078967944,0.14036572,0.054746825,0.24614275,-0.16052626,-0.33088234,-0.41316715,-0.09627687,0.25024903,0.1350934,0.46952853,-0.11622429,-0.190365,-0.20739928,-0.26943678,0.043591887,-0.029940264,0.4617522,-0.29372993,-0.33762446,0.019591888,-0.028319482,-0.053843267,0.2555512,-0.05477035,-0.28028858,0.17500173,-0.4733539,-0.16201676,0.38752732,0.17454529,-0.37012205,0.2796375,0.35177845,0.50171983,-0.3507649,-0.06295799,0.10616189,-0.41454396,-0.09402186,0.17251171,-0.26693463,0.02577686,-0.3752672,0.28463528,0.36204523,-0.6551846,-0.2577271,0.3739035,0.0045618955,-0.08169034,0.0061030216,0.106402695,-0.20787624,-0.17998154,0.64005136,0.41239566,-0.12806804,-0.10662506,0.17472188,0.35180345,0.19486618,0.22872514,0.15198173,0.22921641,-0.122412935,-0.074909754,0.6011798,-0.24589379,0.19681662,0.25285876,-0.0609108,0.17913704,-0.67806864,-0.22817886,-0.21159649,-0.40690225,0.045241944,0.64024365,-0.5634696,-0.040023867,-0.114884295,-0.3340457,0.09545249,-0.47108737,-0.05107679,0.0069791726,0.15536019,0.17836192,0.18015535,0.11931838,-0.5511062,-0.09825791,-0.026173813,-0.19516836,0.23059924,0.300319,-0.22914673,-0.06429926,0.38962513,0.16155154,0.1925883,0.28616235,-0.116062336,0.08033742,-0.4634375,0.1413493,0.2081965,0.36751136,0.338798,-0.27678663,-0.14415413,0.23421249,0.07602731,0.095377006,0.11932117,0.15871532,-0.17040214,-0.09676235,0.2900137,0.13475254,0.102728955,0.37830862,-0.058520813,-0.1520343,-0.19891262,-0.13431631,0.5307733,-0.20524424,-0.106165476,-0.3837378,0.041827828,-0.15245314,-0.55701244,0.07438771,0.08177863,0.49370646,0.3604675,0.11477484,-0.29887062,0.07729321,-0.0025586854,0.04754199,-0.06278034,0.32983163,0.106124796,-0.06842283,-0.22443312,0.2344572,-0.55890965,0.33469653,0.06995102,0.6511027,0.5083532,0.070017755,-0.41981384,-0.07882882,0.91917145,-0.60740536,-0.19110611,0.4584861,-0.17493802,0.045715563,0.26185235,0.2988675,-0.07203651,0.6262376,0.48985553,-0.44337067,0.074110135,0.3560006,-0.4094045,0.20809844,-0.41703233,-0.02750654,-0.17923835,0.33397567,-0.22582285,0.15240228,0.08668226,0.036580164,-0.13983722,-0.40016782,0.5118844,-0.39194766,-0.28558752,-0.61637145,0.10686545,-0.23987377,0.5487404,-0.16063264,0.20578232,-0.2572229,-0.2168918,-0.093062505,0.030270675,-0.039796,0.33737275,-0.4014003,0.16047184,-0.34154105,-0.08397452,-0.32914814,0.9993135,-0.009508315,-0.3900842,-0.0081719,-0.0849165,-0.15284073,0.0073045245,-0.18837854,0.04058183,0.5403882,0.17836092,-0.20966652,-0.49804148,0.27220216,0.31858698,-0.42008606,-0.049686477,0.5349915,-0.2720392,-0.41271052,0.51934093,-0.29300448,-0.092726834,0.0686871,-0.46157068,-0.13920508,-0.49671695,-0.27266783,-0.40866724,-0.028467199,-0.31636378,-0.02533806,0.037092257,-0.41181365,0.14522065,0.37202492,0.014394937,0.21132907,-0.24069066,0.30764765,-0.34299248,-0.16093539,0.29452187,0.2191704,0.40381086,-0.17152259,0.19855322,0.12819731,0.54699814,-0.05505137,-0.20076765,0.3125311,0.19288561,0.20849167,-0.19263363,-0.08601008,0.3086258,-0.17072909,0.17616434,-0.1381973,-0.3509224,0.35953307,0.08730522,-0.31815353,0.14587675,0.17945318,0.15111458,-0.17328413,-0.2774153,0.66195905,0.17161916,-0.032577872,0.4935223,-0.49372092,-0.12150569,-0.12662981,-0.1654639,0.3249188,0.15369436,0.5925113,-0.15988486,-0.22299013,-0.7141089,-8.52705,-0.2068114,-0.15982594,-0.29007462,0.10564544,-0.021730917,0.06355884,0.06960827,-0.5370448,-0.12829325,0.0897143,-0.37233257,0.03253528,-0.38298592,-0.15246904,-0.25478917,0.20472787,0.12974742,-0.20242907,0.47684756,-0.31802803,-0.33023944,0.64329267,0.11046685,0.46840408,0.37658104,0.12306974,-0.10175232,-0.02294163,0.05978074,-0.026523434,0.23266567,0.22830231,0.71007246,0.02228478,-0.041241676,0.031407237,-0.37965482,-0.2106143,-0.18950605,-0.1609052,-0.10635395,-0.52377254,-0.21342127,0.9625449,-0.4746371,0.20536007,0.3984981,-0.119946495,0.1326567,-0.11505471,0.2792605,0.009264813,-0.56601727,-0.07672848,0.09141739,-0.30059516,0.6942484,0.003191029,-0.2729983,0.61387473,-0.17405441,0.022231046,0.34680304,-0.12767231,-0.7619254,-0.41982946,-0.5052641,-0.38744807,-0.019653417,-0.4465965,0.15031534,-0.0011509965,-1.5535231,-0.18488805,-0.058191616,-0.09568338,0.09946626,-0.21092124,0.097594485,-0.82073873,-0.16365789,0.07075993,-0.23010805,-0.115981534,-0.27426648,-0.5590985,-0.29506904,-0.5626884,0.20857976,-0.18832724,-0.06824881,0.49901375,-0.101376854,-0.071117915,-0.058060464,0.26502052,-0.39998898,-0.16977409,0.3402157,0.23179588,-0.07788581,0.44387123,-0.30416596,-0.32857004,0.11496574,-0.16581666,0.2462576,-0.39966282,-0.28821102,-0.10796153,-0.04152923,-0.12406932,-0.16493762,-0.6052714,-0.086754754,0.107505284,-0.0023339412,0.040532976,-0.5341908,-0.3154396,0.30262375,-0.32841942,-0.8562306,0.42390755,-0.047751132,0.2292364,-0.18791983,-0.30798072,-0.40190756,-0.18879268,-0.5984797,-0.030878762,-0.015861943,-0.32137176,-0.18922384,0.010194099,-0.34757367,-0.14098051,0.43512163,0.522483,0.3641964,0.19778207,0.10905342,0.09577049,-0.19764385,0.15398034,0.46696377,-0.27120686,0.5829063,-0.47707817,-0.22654611,0.08990079,-0.081985086,0.14095028,-0.0699785,0.5334061,-0.24355339,-0.17246833,-0.74837965,0.06528312,0.093568236,-0.13922207,0.29763517,0.12619081,-0.068390235,0.06699423,-0.00090012525,-0.15887973,-0.57252324,-0.018691923,0.37556916,0.28046057,0.35032,0.013900442,0.41339135,0.065167606,-0.46264154,-0.15105921,0.30827218,0.052983988,0.36352625,-0.14115722,-0.5223927,0.38995433,0.06822759,0.16626382,0.26494825,0.10393039,0.4119696,-0.26981908,0.52187246,-0.35229692,-0.77008927,0.15143745,-0.47988552,0.47619283,0.029569464,0.0077354894,0.50452876,-0.25699767,-0.3084034,-0.74603045,0.16269842,-0.23062901,0.2699192,0.2067177,0.1394626,0.45932734,0.27844027,0.18329851,-0.5720642,-0.32673967,-0.36359143,0.35125706,0.034611102,-0.28333163,-0.5308166,-0.61136466,-0.11592302,-0.08539145,0.079288974,0.14090382,0.12837121,-0.101990476,0.286951,0.19207032,-0.047996856,-0.13622591,0.08376106,-0.012499768,-1.2198198,0.09774969,-0.12013494,0.12065691,-0.17136347,-0.31036916,-0.16207942,-0.2024276,-0.03568077,-0.41800568,-1.0091981,-0.08519932,-0.8198188,-0.15642233,0.46742204,-0.32222542,0.40446037,0.2647488,0.05092247,0.551648,-0.15986311,-0.15704219,-0.70705116,-0.28676885,-0.7926154,-0.20615196,0.063632436,-0.048529994,0.16762535,-0.60989493,0.13609567,-0.020814674,0.22068262,0.05005807,-0.0031747709,0.07302838,0.08463445,-0.01775888,-0.5551317,0.03159089,0.01973025,0.030023385,0.40743577,-0.04224637,0.02162865,-0.5752553,-0.29275063,-0.07694282,-0.059347413,-0.52811736,-0.10974363,-0.33806872,-0.22816013,0.023258945,-0.29013652,-0.38458565,0.014417892,-0.3496606,0.18761311,0.22435288,0.36986327,-0.32783812,-0.12137328,-0.2956321,0.69638675,0.50438416,-0.15577067,0.32388425,0.2756931,0.06338115,0.111363426,0.6711063,0.17836031,0.076020375,0.19794767,0.00045222504,-0.08587105,-0.081482075,-0.33738092,-0.4207591,-0.3463569,0.2375362,0.28164035,-0.004616365,-0.1479582,-0.32897753,0.12095282,-0.4564262,0.41281927,-0.23376282,0.25521502,0.75248176,-0.2783292,-0.23305877,0.37931797,0.005579252,-0.35112926,0.6801958,-0.05885097,-0.56708896,0.2997829,-0.16894695,0.030012801,0.13893025,-0.06726779,0.09373564,0.06234298,-0.2904524,0.2314474,0.11446886,-0.11373611,-0.06344318,0.11855425,-0.055303197,-0.09150597,0.067873225,0.07444525,0.5085558,0.07890898,-0.11383832,-0.05184266,-0.18130767,0.18940298,0.12505327,-0.21539052,0.091209985,0.033446364,0.10714413,0.7046031,0.11797957,0.36798465,0.027098216,-0.50425076,0.18350746,0.3148455,0.25347826,0.1882425,0.30341223,0.15891293,0.16163367,0.01588365,0.54960126,-0.03456359,-0.38918972,0.19292271,-0.15855816,-0.13790242,-0.2511561,-0.3688795,-0.5426324,-0.06467852,-0.3659082,0.13619806,0.021800688,-0.5748047,-0.048583973,-0.41260925,0.107154764,-0.5016211,-0.016402967,0.1480527,-0.24673344,0.06322833,0.051309835,-0.1269503,0.26302865,0.0102509875,0.082536526,0.10804571,0.26998532,-0.788955,0.019379636,-0.15928271,0.13253438,-0.0329165,-0.11886541,0.42999157,-0.5981553,0.07797836,-0.049767416,0.3602951,-0.09341988,0.27650565,0.1302541,0.06601421,0.35001305,-0.48397022,-0.44758114,-0.15003921,-0.15009987,-0.16816197,-0.034543656,0.23533188,0.22532304,-0.71341825,-0.34462073,0.3309937,-0.07918656,0.09893355,-0.50299424,0.18605368,0.24232921,0.032519154,-0.3811584,-0.2049245,-0.10541634,0.11362969,0.09747914,0.44829196,0.3917669,0.20701365,-0.118131965,-0.12616357,-0.21047056,0.09348784,0.44477573,0.0653165,-0.56693566,-0.13734898,-0.06834877,-0.28790107,-0.32780284,0.108562194,0.25276056,0.09189373,-0.60344136,-0.21050951,-0.07704291,-0.24616453
0.34980708,0.2997992,0.43235168,-0.21411802,0.318368,-0.250409,0.2350348,0.20222008,-0.34581417,-0.052353762,0.10929612,-0.4699605,-0.24543644,0.47723365,0.08641577,0.6498538,-0.09980347,0.5815961,-0.55908984,0.65545416,0.48846626,0.15237531,-0.66470504,0.018511903,0.20679855,0.09304265,-0.028613055,-0.28308588,-0.5532795,0.14845733,0.03785437,0.10060599,0.238828,-0.16256863,-0.3493259,-0.56039816,0.1315771,-0.07077211,0.5730993,0.2754775,0.13515925,-0.61333513,0.7743585,-0.47458893,-0.14540294,0.2642283,0.01971562,-0.37386256,0.29618558,-0.4950012,-0.80125177,-0.2838454,-0.021816993,-0.4822262,0.105161875,0.3590465,0.5004131,-0.6009348,-0.1392191,0.13252653,-0.22693811,-0.43624645,0.15957367,0.20943451,-0.28418016,-0.31278735,-0.11090748,0.5529809,-1.4193524,0.095128104,0.63072634,0.34874696,0.41628215,0.1331734,0.01925889,0.39235222,-0.6371239,0.6507664,0.22785704,-0.05264406,-0.09525509,0.38269985,0.49917236,0.22292033,0.63861805,0.23559041,0.075763434,-0.1937756,-0.52167916,0.7408388,-0.28700042,-0.025271742,0.061868023,0.18928207,0.6636325,-0.34161484,-0.7001212,-0.27208897,-0.35361186,0.14595006,0.4635997,-0.7231445,0.05847616,0.0044170483,-0.4956919,-0.053061914,-0.62897325,0.36649334,0.18435445,0.38272163,0.1427165,0.18623878,0.24341142,-0.10244696,0.40190646,0.14782868,-0.5310353,0.3522184,0.36267647,-0.37642252,-0.152719,0.60182166,0.38751578,0.3791494,0.022924341,0.35440704,-0.027681101,-0.16982697,0.32276633,0.46955517,0.6808362,0.61162955,0.24232842,-0.43446842,0.3140728,-0.22537135,-0.3902454,0.52310395,0.21408077,-0.72988284,-0.069719456,-0.50233775,0.18600081,0.49786747,0.5116144,0.012264342,0.051808044,-0.039607443,0.101541005,0.51589453,-0.15557575,0.09405919,-0.43853214,-0.10878693,-0.109746784,-0.13048136,-0.13253163,-0.021058694,0.3228519,0.35006142,0.45243442,-0.29866627,-0.11330568,-0.015409732,0.06670796,-0.030958425,0.31430444,0.2218799,-0.29880247,-0.12280616,-0.19431885,-0.9256799,0.32128108,0.2753655,0.39199594,0.34588763,0.19610414,-0.738391,0.18474583,0.96446604,-0.37959048,0.010067928,0.16724639,-0.46111342,0.10046389,-0.19933985,1.0994844,-0.36408782,0.47961053,-0.014078324,-0.69450134,-0.5825828,0.030010393,-0.19291073,0.8479459,-0.008192871,-0.021731894,-0.695784,0.6958152,0.23675017,0.35965306,0.056385513,0.00013972417,-0.71818113,-0.46691895,0.66201574,-0.07971026,-0.053439826,-1.1718228,-0.043831974,-0.13678123,0.43770158,0.17473944,0.28475785,0.2033417,-0.007142059,0.16444269,-0.4919695,-0.02307539,0.11489547,-0.33270356,-0.9388782,-0.17714939,0.018081622,-0.3983387,1.4478699,0.3359192,-0.93169767,1.0378978,0.11095909,0.4106158,-0.0024183767,-0.3208496,-0.20218247,-0.19852205,0.45895627,0.076744474,-0.024763193,0.20073958,0.40704975,-0.54566795,0.76922315,0.16816717,-0.21856424,-0.08781982,0.24377918,-0.25479668,-0.68026954,0.21756102,0.07396218,0.21743312,0.029623987,0.14921527,-0.26180893,0.18289019,-0.5531682,0.67830306,0.08748817,-0.4682683,0.57333946,0.21972343,-0.30966258,0.19774827,-0.201334,0.49128765,-0.3723068,-0.16286446,0.47112706,0.8124455,0.17026035,-0.6828289,-0.048219822,-0.20909494,0.4102411,-0.3903561,-0.8469871,0.27176416,0.1008122,-0.1680759,-0.47375834,-0.45848414,0.3401416,-0.36227298,0.06542169,-0.26113084,-0.3046836,0.36578834,-0.30160487,-0.5274953,0.22009917,-0.090821855,0.091282785,-0.22306004,-0.37556458,0.8184838,0.44132492,-0.1932155,0.17753181,-0.72783446,-0.5478742,-0.62034273,0.0840126,-0.28851977,-0.27738696,-0.13459711,0.10906209,-0.6784362,-0.41807193,-10.103909,0.085888006,-0.65283334,-0.58505094,0.038777303,-0.026354756,-0.47415215,0.37844518,-0.31025797,-0.28307045,-0.49875095,-0.35557806,0.062022187,-0.55418223,-0.40253,0.14746186,0.36179692,0.6630469,-0.47078162,0.42490086,-0.26697087,-0.47764483,0.72139794,0.15761285,0.56239676,-0.29258144,-0.41287112,-0.25014704,0.08863336,-0.37055674,0.07920184,0.24802336,-0.4518608,1.3178623,-0.44242084,-0.15116891,0.31223541,-0.53202754,-0.12556973,-0.60730493,-0.052463032,-0.33162773,-0.5603427,-0.18987872,0.6770055,-0.5045946,-0.11123324,0.14580579,-0.062173653,0.20304953,-0.24090108,-0.14314501,0.006908649,-0.492497,0.029339347,-0.11962437,0.26925564,0.42144623,-0.07593353,-0.32322922,0.9397425,-0.19922279,-0.38075382,0.09486473,-0.43287173,-0.36274928,-0.64858925,-0.5102303,-0.66083986,-0.119336955,-0.4783138,0.8476337,-0.25433803,-1.0998945,-0.04090222,-0.5953055,0.011743342,0.24450439,-0.35318425,-0.42344162,-0.91114205,-0.16225079,-0.07034175,0.019055841,-0.66566664,0.24212517,-0.8113174,-0.6327433,-0.08327205,0.689336,-0.01172809,0.11294814,-0.0407323,0.49710256,0.061818887,-0.31366688,0.8873537,-0.5158829,-0.10662185,0.2492712,-0.12109549,0.3902824,0.4370997,-0.054742675,-0.57993233,0.41065273,-0.49459085,0.24826133,-0.06779065,0.103713654,-0.5081589,0.17193386,-0.48176208,-0.56068605,-0.653014,0.18144879,0.11145359,0.47204372,0.366199,-0.5573305,-1.0206321,0.44461682,-0.42889172,-0.5667185,-0.037627943,0.27861297,0.018658152,0.13451228,-0.04181643,-0.38372847,-0.34473327,-0.15470764,0.15055558,-0.4783017,-0.15199485,-0.36809665,0.15880144,-0.29953513,-1.0853214,0.19622701,0.4722097,0.22865365,0.124280654,0.23605917,0.21387154,-0.065351956,0.19253697,0.3301002,0.13380054,0.20518866,-0.24559984,-0.66802955,0.47959623,-0.5883049,0.019634455,-0.14224058,0.56875587,-0.51039815,-0.3113628,-0.9039571,0.7655867,-0.1047067,-0.23292069,0.045956727,-0.00013732165,-0.15016255,0.51181436,0.35613388,0.040759984,-0.73179173,-0.24201803,0.4218679,0.46593648,0.43104303,0.08496534,0.03257832,0.56246614,-0.4861231,0.13908133,0.5514398,0.5317251,0.35712415,0.03914367,-0.20932302,0.42759246,-0.23332289,-0.14511454,0.6458076,0.27464962,0.17820829,-0.4479346,0.6003043,0.023658207,-0.19868776,-0.053512353,-0.43691447,0.1968155,0.1376286,0.2469469,0.27835408,-0.598152,-0.11746921,-0.6461219,0.2828039,-0.26385245,0.45646188,0.14154781,0.15788868,0.44382995,0.19487354,0.55255246,-0.27479687,-0.7700339,-0.6147963,0.27454883,-0.038083233,-0.35088387,-0.13824873,-0.77069396,-0.18322183,-0.4147099,-0.042780057,0.1054006,0.003046896,-0.10858229,0.1716586,-0.13652483,0.17359705,-0.16770695,-0.09906793,0.12696232,-1.5270222,0.22769217,-0.06944204,0.13515249,-0.31100774,-0.42404273,0.023743212,-0.043789778,-0.19283982,0.14083296,-0.880197,-0.26822045,-0.61203444,0.2109919,-0.4243993,-0.5243024,0.060921825,-0.3445681,0.44712335,0.76189315,-0.34082454,-0.25835276,-0.4022427,0.42723244,-0.38904977,-0.7336734,-0.1681165,-0.08702894,0.5644633,-0.12178432,0.5108582,-0.34965634,0.52265555,-0.073214635,0.60710317,0.075752944,0.11235721,0.22692022,-0.393154,-0.19180495,-0.27422345,0.0452261,0.34737587,-0.430757,-0.5880879,-0.10458908,-0.16568805,0.5012822,-0.15189452,-0.32143775,0.16581099,0.5053107,0.014407312,-0.2879354,-0.36107162,-0.13792294,0.06287942,-0.035856545,-0.100533135,0.30495337,0.6554976,-0.5410776,-0.047362577,-0.14397646,0.2044351,0.46870315,0.040063657,-0.5235595,-0.013524898,-0.44312996,0.13882805,0.47429565,0.041187655,0.30158395,0.05299175,0.32089823,-0.026637359,-0.34225923,-0.58369225,-0.69734687,-0.45626572,0.38907996,0.75548965,-0.07478219,-0.2339639,-0.22010972,0.017704198,0.06050707,-0.20709819,-0.14816646,0.1593184,0.77587324,-0.039837275,-0.0835947,0.02731552,0.24971315,-0.24193734,0.0337248,-0.15734364,0.065261744,-0.20151365,0.6956239,0.004630496,-0.22221245,-0.35734218,-0.109381884,0.31701744,-0.58674234,0.18683057,-0.075436935,0.38948098,-0.3797362,0.0028734005,-0.055906404,0.1778255,-0.20497723,0.31393433,0.14480548,0.45758536,-0.040061615,-0.23590782,-0.07297248,0.22578564,0.52703285,-0.040380865,0.5410434,-0.3433857,0.74820894,0.7414001,0.35031682,0.2943108,0.26333395,-0.22084375,-0.19210538,0.336145,0.124069355,0.19050856,0.13805944,0.20861569,0.43718582,-0.17903568,-0.020269835,0.08454735,-0.08542006,0.36919925,0.15135111,-0.16990623,-0.3997368,-0.19681728,-0.52040267,0.15487182,-0.05387403,-0.36044493,0.3572227,-0.1790176,0.06941078,0.16850539,-0.09434458,-0.19368191,-0.17210715,0.10435782,0.070209555,-0.15295623,0.3177853,-0.47349426,-0.03544927,0.25750282,0.41109872,-0.094698966,0.026210286,-0.43153724,-0.2293046,-0.81361085,0.2949008,-0.049983565,-0.031022223,0.22015299,-0.5808674,-0.20812336,0.35202685,0.28373653,0.0258742,0.10314426,-0.10906932,-0.008733661,0.48761153,-0.4290717,-0.7299601,0.119684465,0.047014683,-0.5084819,-0.17428523,-0.1637358,-0.008368748,-0.0123103,-0.29809812,0.09804903,0.4289477,-0.28844714,0.07712604,0.82798964,0.4886171,-0.16385275,-0.8644022,-0.358816,-0.012593903,-0.0019353745,-0.5519614,0.46908173,-0.20231819,-0.012394487,-0.022776244,0.31378204,-0.369553,0.515642,0.41844222,-0.18232541,-0.8100817,-0.3700706,-0.13851899,0.2784669,-0.51945955,-0.32299432,0.09060995,0.19622521,-0.13238423,-0.7664144,0.017615298,0.33649307
-0.24690752,-0.4817094,0.42017296,0.2731746,0.95592743,0.28637862,-0.32298103,0.18028465,-0.22463866,-0.1008581,-0.05616954,-0.34717655,-0.10275961,0.16637832,-0.121531144,0.31142664,-0.021740438,0.3126963,-0.18682049,-0.044110842,0.2742606,0.041720066,-0.08400178,0.32030788,0.005339107,0.09979215,0.052043904,0.36897105,0.02038099,0.046438336,0.19714043,0.44665313,-0.37554196,-0.26011273,0.21788311,-0.35908082,-0.13080066,-0.013063877,0.008127386,0.3290981,-0.38686755,-0.8896353,0.01730163,-0.12138189,0.50556713,0.5005667,-0.29474777,-0.34905538,0.3199471,-0.42043456,-1.4430968,-0.23701015,-0.39076778,-0.3997796,0.09460984,0.81509787,0.43950936,-0.80677736,0.093145,0.065283895,-0.5096384,-0.5504307,-0.085041545,-0.12599838,-0.2364775,-0.34566277,0.24734333,0.24512129,-0.60639083,0.47033635,0.34664017,0.03160669,-0.17001887,0.08694706,0.34747228,-0.12089805,-0.3474478,0.32963946,0.10882941,-0.02814005,-0.16726942,-0.010093234,0.38990828,0.077656865,0.6012505,0.5605968,0.14147675,-0.19355431,-0.041634813,0.3681306,-0.57945555,-0.19238974,0.29274657,0.12845069,0.5781012,-0.76852137,-0.9526785,-0.03981413,0.21948932,0.4501912,0.59400576,-0.09332813,0.156772,-0.09019844,-0.28898564,-0.2545571,-0.65640426,-0.03160139,-0.072230585,0.012694937,0.22325112,-0.1154439,0.27687868,-0.5382661,0.11295138,-0.10892238,0.063532375,0.41354907,0.5743251,-0.14822577,-0.37024003,0.5462146,0.15517713,0.4708721,0.27542022,0.1260836,-0.15430298,-0.12318835,0.7266671,0.48944157,0.65731955,0.017593713,-0.006806427,-0.06418616,-0.012311314,0.4451933,0.19967915,-0.06204348,-0.048161868,-0.68293756,-0.41007274,0.0077000833,-0.07383655,0.4979555,0.27030265,0.14976299,-0.3475099,0.16134664,0.26318842,0.1832248,-0.50225425,0.2763489,0.006531285,0.3035633,0.06793352,-0.3114553,-0.38642448,0.34416842,0.20159175,0.12184849,-0.28409973,-0.32241985,-0.20023434,-0.3400571,0.2990958,-0.5187531,0.26904935,0.1834113,0.17219217,-0.1751617,0.21231274,-1.2317765,0.13108379,0.25675368,0.14430217,0.20436487,-0.26153743,-0.11751053,-0.058421068,0.67622757,-0.36611596,0.55612034,0.16669282,-0.49714562,0.38093868,0.28488964,0.50811756,-0.30156094,-0.08676315,-0.3754222,0.17266859,-0.109193355,-0.014510343,0.07511278,0.05017586,-0.3414597,0.093837835,-0.34857282,0.3293082,0.30029207,-0.22368534,0.12664801,0.3951198,-0.39445832,-0.33179596,0.4356596,-0.089873,-0.29341573,-0.50604475,-0.33176407,0.04929295,-0.0044897734,-0.10101682,0.12726751,0.21111514,0.14607432,-0.26189357,-0.095156886,0.49346238,0.15572461,-0.12120833,-0.60418534,-0.6141427,0.1711911,-0.5514911,1.6290176,0.32830128,-0.36108172,0.80514836,0.40443948,-0.25045705,-0.19546829,-0.22078195,-0.49608338,-0.367355,0.5141478,-0.026464906,-0.32284045,0.16589211,0.23788583,-0.21950033,0.26526117,0.4735974,-0.39205772,0.4616992,-0.3640876,-0.08619789,-0.48411572,0.42483798,0.13527066,0.005107069,0.2177475,-0.28337964,-0.05436647,0.12389987,-0.5872009,0.57325053,-0.36574048,-0.34892905,0.90364057,0.10395444,0.04507623,0.33705756,-0.047107805,0.29803813,-0.56348157,0.15814108,0.44329518,0.217709,-0.18295364,-0.26454294,-0.23363195,0.03799282,0.39686644,-0.26218703,-0.4569823,0.064975835,0.2607999,0.4543362,-0.19842626,-0.11666237,-0.039667916,0.4673611,0.16930255,-0.35176265,0.10701286,0.3599766,0.47372788,-0.13033965,-0.0888031,-0.139785,0.11830377,-0.42662203,-0.1896576,0.55572015,0.13132544,-0.22565427,0.0050056153,-0.57737654,-0.7473713,-0.16392973,0.52789575,0.5471175,0.164427,0.22444339,-0.2476594,-0.13195758,-0.70021635,-10.809399,-0.3437043,-0.49365354,-0.00067945046,0.5009318,-0.28569186,-0.34405342,0.42771375,0.25096205,0.039992314,0.1575553,-0.0404988,0.27923858,-0.9048661,-0.57163733,0.4919162,-0.03355886,0.4886739,-0.10578588,-0.042039823,0.19979593,-0.7598463,0.32212704,-0.12859857,0.40773296,-0.50828576,-0.15646486,-0.13042055,-0.029918406,-0.33328316,-0.31415364,0.30829704,-0.43531498,1.0188138,0.07139809,-0.45950204,-0.17711137,-0.4266555,-0.18413082,0.017209332,0.21592379,-0.3214975,0.081951745,-0.034975752,0.4562975,0.13701183,0.24187423,0.42965987,-0.1964554,0.13336684,-0.058391202,-0.34875187,-0.5616591,-0.5851124,0.007167511,-0.1864958,-0.12838069,0.50437385,0.5014556,0.21147257,0.13802761,-0.05287165,-0.43419883,-0.2091391,-0.07434547,0.18139975,-0.255755,-0.36691606,-0.018973028,-0.120107524,-0.6673423,0.26739413,0.4124143,-1.6024566,-0.23879842,-0.5695351,0.27936605,0.56236726,-0.17638542,0.10476235,-0.633998,-0.2832371,-0.00722699,-0.35049874,-0.44423425,-0.41632962,-0.25587276,-0.7052507,0.26929495,0.16436258,0.501043,-0.23869222,0.4530526,0.14199167,0.028943997,-0.2557577,0.14791124,-0.33039242,0.40647164,-0.19919479,0.08253403,-0.14090408,0.4051117,-0.72016424,0.16592675,-0.20150644,-0.10994488,-0.2644712,0.19743769,0.0657632,-0.09190287,-0.26698953,-0.4780635,-0.42266876,0.17340434,-0.083766125,0.21613584,0.20998783,0.3364167,-0.54809725,-0.6608698,0.34574154,-0.26951015,-0.60220057,0.044865917,0.0912166,-0.8061541,0.19761339,-0.25862238,-0.23591775,-0.01593303,-0.33060676,0.48158595,-0.38927215,-0.23786898,-0.23504129,-0.091611736,-0.2760914,-0.9561398,-0.04865236,0.519895,0.21292114,0.45839038,0.3357345,-0.09803551,-0.381709,0.21813698,-0.0108052865,-0.021915847,0.0026641001,0.13791952,-0.82882035,0.249644,-0.18776855,0.535643,0.2762209,0.6425699,-0.30820495,-0.26891333,-0.4694067,0.8245809,0.13258892,-0.14785066,-0.03063557,-0.08965294,0.28201988,0.06787755,0.1666817,0.501158,0.020417131,-0.47342595,0.16187078,0.10901285,-0.2567229,0.3242494,0.46708,0.47991198,-0.52748203,-0.53998667,0.3727166,0.27324706,0.4811762,-0.007816943,0.094493456,0.15603381,-0.3316797,0.13887773,-0.1761112,0.31426746,-0.12716258,-0.24583964,0.40476257,-0.26470938,-0.016863525,-0.18548895,-0.20534563,0.08354289,-0.24156648,-0.08294645,0.044144835,-0.7268625,0.05664147,-0.002972207,0.67250353,-0.017458925,-0.084616736,0.07818611,0.3807917,0.010550806,-0.40425992,-0.3975849,-0.32960206,0.17072253,0.16797952,0.2076431,0.39283612,-0.056498054,-0.40509534,-0.80525327,-0.09309063,-0.28669465,0.23826225,0.48028806,-0.23808283,-0.31994447,0.31920975,0.10778518,0.41861695,-0.13144825,0.48978844,-0.12437901,-1.6586071,0.11407718,0.05261258,0.27564645,-0.13932134,-0.32651427,-0.25783944,0.104440324,-0.051406346,0.0050481595,-0.9611969,-0.31807467,-0.61253375,-0.003844171,-0.600392,-0.32049832,0.22001141,-0.57973075,0.14668328,0.2200274,-0.3780858,-0.13153033,-0.5883019,0.40438315,-0.33557752,-0.002033621,0.20462091,-0.55492765,0.09080121,-0.3078379,-0.40267968,-0.04058889,-0.1437794,-0.11945146,0.3080959,0.085247576,-0.38462043,-0.15657812,-0.37835297,0.081526816,-0.19165091,0.14931779,0.36599648,-0.30327487,-0.42311218,-0.36620235,0.45676914,0.5678954,0.24883436,0.012791089,0.17299981,0.087468654,0.46628407,-0.29208052,-0.24409407,0.21595556,-0.13234276,0.6386988,0.060939617,0.51132685,0.3000913,-0.5738771,0.27428424,-0.51526535,0.14688285,0.11072231,0.09248932,-0.76594687,0.22632056,0.5964157,-0.12132481,0.62579423,0.11374592,0.30572155,-0.035924897,0.1842328,-0.24560726,-0.13564835,-0.4669658,-0.47189537,-0.47388458,0.45416802,0.47907513,-0.37425584,-0.4396423,-0.029006302,0.3566595,-0.08253909,-0.72410125,0.25319204,0.13116711,0.052906025,-0.00846906,0.05830089,0.30402985,-0.1161932,-0.5284918,0.028929554,0.5701902,-0.18801022,-0.22557366,0.2156139,-0.016134549,0.47946355,-0.043003835,0.037145406,-0.1421482,-0.5035818,0.00444279,0.027294561,-0.31271672,-0.42667302,-0.024362354,0.12806566,0.23308077,0.3759177,0.3687831,0.35289747,0.11385261,0.08314876,0.08703638,-0.15844804,0.2011812,-0.15668485,-0.041304123,-0.15802771,0.083849676,0.5207176,0.8130299,0.21711315,-0.18126708,0.44182336,-0.85177994,-0.328998,-0.11516482,0.29726052,0.079506546,0.12455207,0.08959198,0.017356927,0.33359647,0.3970785,0.643928,0.53974223,0.08698852,-0.19527741,-0.24066824,-0.11144011,0.48915336,-0.5688566,-0.15296291,-0.16629705,-0.45797154,-0.3976503,-0.2844906,-0.23083071,0.14013581,-0.47131497,-0.1538975,-0.50743675,0.4126631,0.0051243817,-0.08937314,0.26470488,-0.09215786,0.04319973,0.14535226,-0.23436919,-0.4380717,0.43606892,-0.33342922,-0.71808493,-0.5925533,0.017832333,-0.27135596,0.09066021,0.17311382,-1.107227,-0.17721859,0.18613286,0.29315513,0.043305993,-0.17886208,0.023364313,0.5569732,0.57735,0.30799878,-0.7643016,0.38706538,-0.043776143,-0.96476865,0.7066637,-0.5896356,0.59645617,-0.25027218,0.34281597,-0.1686926,0.11144079,-0.0067052054,0.28057995,0.44709122,0.34023,0.4122049,-0.5704763,-0.031511355,-0.18100785,0.046121825,0.032712676,0.21678269,-0.5488836,0.015375559,0.66309685,0.21826342,-0.26743844,-0.13422114,-0.20153429,-0.14048639,-0.28610528,0.06582146,-0.6817616,-0.33433557,0.36513627,-0.32256508,0.24782652,0.45307913,-0.55961835,-0.15301825,0.049170807,-0.10275116
0.5478003,-0.14571588,0.4167193,0.15846854,0.5576024,-0.13672312,-0.47779474,0.34085855,-0.18571915,-0.25476262,-0.4266608,-0.42966816,-0.038008362,0.33345044,-0.14580412,0.50436133,-0.7437071,0.34818992,0.18540674,0.50784636,0.51715803,-0.016822312,-0.17466806,0.09911891,0.5374028,-0.0061019487,0.28747672,0.025788493,-0.61092955,0.011501571,0.122842595,0.5211689,0.30740592,-0.35210055,-0.24376726,-0.65858793,-0.6121862,-0.3083158,0.010280623,0.47488856,-0.24917887,-0.47301343,0.20385452,0.10243923,0.092132084,0.52141154,-0.19287771,-0.1534782,-0.40978068,-0.16426265,-0.5010404,0.22215244,-0.22499175,-0.24348682,0.5421869,0.3713774,0.40381527,-0.6681092,-0.2510666,0.21236652,-0.23726551,0.034165762,-0.034265593,-0.23343828,-0.09068721,-0.16653287,0.35702476,0.6182933,-0.9183094,0.4729594,0.14953151,0.21696515,-0.28547692,0.12688959,0.18168701,0.23693624,-0.0945203,0.735543,0.13269357,-0.1889771,0.018494526,0.28917968,0.44077337,0.2009222,0.0626286,0.58124316,0.06323024,0.09999269,-0.62602395,0.44230106,-0.5229909,0.29129407,0.45047608,0.03433766,0.77637404,-0.5991412,-0.7411844,-0.40847108,-0.065745704,0.025429947,0.4429206,0.27641925,-0.13669428,-0.045606308,-0.21665402,-0.08154212,-0.6000375,0.017351702,-0.12685867,0.12617056,-0.05188281,0.17161743,0.23998705,-0.49342677,-0.17779762,0.177043,0.3570152,0.22262335,-0.13544863,0.13790755,-0.10722163,0.36472756,0.18669142,0.3130648,0.5223512,0.08785933,-0.030349568,-0.29603896,0.28890285,0.45562157,0.42946076,0.28936028,0.06665318,-0.58806914,0.25263146,0.22039388,0.015736802,-0.3218224,0.070346884,0.019896772,-0.38130802,-0.14200753,0.16313745,-0.20106432,0.4371542,-0.10067231,-0.20029509,-0.14512214,-0.3202971,0.089608066,-0.41312206,-0.42547694,-0.1212449,-0.19941324,0.18430349,-0.32038182,0.03407512,-0.02861663,0.14605096,-0.38372174,-0.022107434,0.40615734,-0.07263266,0.12613505,0.066400625,-0.07224547,-0.003734264,0.4253215,-0.092720345,-0.10687899,0.32735142,-0.7683647,0.057381473,-0.021671886,0.24302198,0.52116394,-0.027018268,0.043063387,0.048866168,0.7338526,-0.5454966,-0.018201588,0.1464022,-0.65680575,0.06501653,0.20131606,0.592658,-0.41032165,0.14416373,-0.15186144,-0.37594524,-0.14260706,0.22677836,-0.121046774,0.23900396,-0.34961247,-0.08670588,-0.29194707,-0.049497355,-0.101766184,0.14777671,0.10068764,-0.025039798,-0.29302484,-0.5073869,0.21356983,0.0939612,-0.59593374,-0.41701588,-0.2536359,-0.06372659,-0.10634461,0.08003898,0.2903128,0.21991743,0.033834927,-0.24443103,-0.22629519,-0.16243908,-0.076426305,-0.11904065,0.09963673,-0.14654468,-0.024208648,-0.44124195,1.3366622,0.15580752,-0.36408702,0.5431561,0.4805671,-0.37907577,0.2264142,-0.042199418,-0.36419427,0.109139115,0.5420158,0.13718113,-0.25985157,0.20465149,-0.21448898,-0.29219675,0.23599677,0.3114241,-0.045807406,0.07146599,-0.03033741,-0.12295064,-0.31620604,-0.15542011,-0.2500663,0.02544794,0.18404096,-0.4727278,-0.39917275,0.31690857,-0.08697627,0.06095976,-0.40653506,-0.3809725,0.35001633,0.42022598,0.055728517,0.23035422,0.18844515,0.17694281,-0.60832477,0.44378677,0.15886332,0.5104767,0.21398877,-0.12795806,-0.21069011,-0.4820247,0.7959373,0.26374945,-0.31308925,0.0029570765,-0.009902325,0.302921,-0.45004264,0.19059008,0.3972089,0.12315502,0.07300991,-0.5142085,-0.05198262,0.07944949,0.102697946,-0.43080625,0.036966275,-0.39408278,0.35361725,-0.37322098,-0.026876312,0.6936608,0.1784348,-0.04428409,-0.13949056,-0.3651923,-0.048385806,-0.39739954,0.10228255,-0.075949915,-0.10846478,0.07967046,0.38426757,-0.3465373,-0.8900097,-8.077522,-0.3708605,-0.20049547,-0.46040162,0.09001665,-0.2791051,0.25711793,0.04372293,0.20351498,-0.21784115,-0.03180578,-0.16567355,0.17994447,-0.4624188,-0.36825314,0.20466453,0.113234155,-0.23734905,0.17390107,0.37767932,-0.25230083,-0.43503746,0.20845388,-0.23241824,0.31291857,-0.2352613,-0.39419323,0.1354186,-0.10115265,-0.37797114,-0.33743435,0.13225883,-0.19602764,1.1227592,0.0019341663,-0.27160305,-0.2212245,-0.43891686,-0.17090885,-0.47439006,0.37649414,0.18731323,-0.20703529,-0.13992219,0.7824502,-0.56775206,0.20543069,0.4395176,0.07144708,0.05583092,-0.3036669,-0.2973498,0.0036430473,-0.5493633,0.12846728,0.07447319,0.26023915,1.1467979,-0.36050606,-0.5087414,0.37080574,-0.4114201,-0.18807495,-0.15786321,-0.2983414,-0.20921148,-1.0204488,-0.5454059,-0.13679421,-0.16382498,-0.6146497,0.47854602,0.19168153,-1.2725408,0.13808553,-0.43740037,0.14794207,0.09580384,-0.394856,-0.28751144,-0.5695864,-0.19448292,-0.036539465,0.07902516,-0.45332527,-0.36083493,-0.25322178,-0.565224,-0.5144102,0.14263979,-0.06118808,-0.20436636,0.21759021,-0.057033356,0.09352201,-0.31156468,0.7169916,-0.14205515,0.2742314,-0.06485304,0.25100833,0.06745612,0.48632747,-0.3624206,-0.5231652,0.016344642,-0.48663956,-0.27523512,0.0115939155,-0.27869064,-0.09410992,-0.35560036,-0.538777,0.0304699,-0.09772914,-0.3113755,0.25427583,0.031858698,0.45304886,-0.61319584,-0.37650663,0.32822415,-0.30597445,-0.5500512,0.36801216,0.2136879,-0.14137349,-0.039533876,-0.42668262,-0.31781787,-0.08729754,-0.37521005,-0.07032639,-0.027976885,0.29824913,-0.27995262,-0.06654687,-0.496128,-0.100346535,0.101156674,0.18518394,0.29197264,0.47089335,0.0087595275,0.32557982,-0.19989818,0.1705845,0.4806534,0.066422895,0.11252666,-0.38712117,-0.6166603,0.09239152,0.14016528,0.3536181,-0.08455053,0.22814499,0.034066755,-0.29955894,-0.52104867,0.28714183,-0.13437414,0.09598773,0.48123989,-0.23156464,0.25409722,0.18869653,0.20193338,0.108080536,-0.6148749,-0.036693253,0.4706922,0.010224575,-0.27880052,0.27506593,0.541894,0.19245163,-0.15419513,-0.16206372,0.42814007,-0.16859905,0.29924142,0.10994897,-0.07783905,0.12437356,0.034389444,0.39774564,0.1922987,0.29345962,0.57660425,-0.38103718,0.51128256,-0.20390816,-0.58418775,0.16269772,-0.48903012,0.36922738,-0.24771294,-0.1282146,0.26928383,-0.27651283,0.09377716,-0.68210214,0.48364785,-0.34242344,0.23387757,0.3127815,0.42305428,0.13689958,-0.23316485,0.06906166,-0.3664667,-0.21608776,-0.31987128,0.15245037,0.30235386,-0.33079493,-0.13861662,-0.49451336,0.0963097,0.025618207,0.3462586,0.35123917,0.24137995,-0.089298345,0.30761796,0.3981143,-0.03873672,-0.030539375,-0.015105904,0.11487879,-0.6128603,0.056360546,-0.28533012,0.20071234,0.07226608,-0.77948046,-0.38567528,0.2590621,-0.34429973,-0.12728406,-0.690675,-0.6121159,-0.56026816,-0.6651775,-0.08410252,-0.1281189,0.097927,-0.49549523,0.072400115,0.16092688,-0.29409656,-0.10414054,-0.41679028,0.20846012,-0.6329221,0.091484554,-0.25783044,-0.15123911,0.06290316,-0.4211054,0.50237626,-0.0051520993,0.37875682,-0.113367446,0.0067165084,-0.2025935,-0.021568112,-0.059602503,-0.5584662,-0.38148618,0.31881788,0.26338798,0.36663097,-0.32642266,-0.148637,-0.23965147,-0.32741025,-0.30350545,-0.105138585,-0.2758852,-0.23005375,0.20523308,-0.14915581,0.268808,-0.07511855,0.1692252,0.13377005,0.1625687,-0.049744748,0.07976701,0.29875413,-0.22509179,-0.08427153,-0.41854513,0.43194604,0.3219182,-0.14788632,0.43840086,0.35743627,0.058026634,0.053646136,0.82395303,0.31540397,0.3635885,0.3183773,0.16129151,-0.28553006,-0.34808183,-0.6011589,-0.10828642,-0.260735,0.6458697,0.67321134,-0.0320113,-0.07822367,-0.62561053,0.014867106,-0.33627856,0.05499947,-0.021471305,0.23706165,0.5015432,-0.15806966,-0.4201269,0.25596654,0.22451034,-0.28182942,0.10142966,-0.06723183,-0.4441656,0.19325572,-0.2685198,0.2783631,0.21586151,-0.33895713,0.07830973,-0.084779695,-0.040922336,0.2386511,-0.19075496,0.25556827,-0.21771252,0.27585536,-0.039743595,0.051297978,-0.38037613,0.084218465,0.55661243,0.30689088,0.060215097,0.103753544,0.07631515,0.23857729,0.36351112,-0.23368528,0.4361354,0.20676014,-0.08009763,0.6483342,0.39679843,0.18227339,-0.094503425,-0.7880098,-0.47615606,0.2369168,0.11358159,-0.107743435,0.033086408,-0.1170533,0.53579,0.28398484,0.19871803,0.14320903,0.12764174,-0.020550633,0.19320054,-0.09246357,-0.2769957,0.10752027,-0.2872353,-0.23889229,-0.7218461,-0.10768883,0.12864238,-0.26206142,-0.019905556,0.20084181,0.009781935,-0.48827276,-0.17594875,0.23994984,0.6601429,0.1547289,-0.22699781,-0.18171057,0.31187463,0.42018372,0.17153513,-0.11017058,0.044479016,-0.050063208,-0.34700334,-0.05892409,0.024573674,-0.11699986,-0.09292351,0.13329211,-0.5961438,-0.097635955,-0.023853661,0.12164102,-0.0047607063,0.017276889,0.02223954,0.22489305,0.4906126,0.048974138,-0.4673689,0.19881779,0.15394472,-0.5090808,0.41528025,-0.015222739,-0.14240977,-0.39569202,0.14026445,0.20745286,0.16494638,0.1807054,-0.5420582,0.24608447,0.26259512,0.18679011,-0.48711967,-0.28084615,-0.13377266,0.13524814,0.2100486,0.24158363,-0.45655274,0.0404098,0.47936887,-0.17729446,-0.2662873,0.15317369,-0.023579827,0.069072425,-0.69762063,-0.5969158,-0.2888609,-0.0011490851,-0.36009988,-0.21978843,0.41542336,-0.02057283,-0.393422,-0.24735178,-0.29372028,-0.19386242
0.5717382,-0.5483822,0.69298667,0.031839795,0.30936706,0.096603535,-0.1112768,0.48176265,-0.073522374,-0.10295592,0.040787905,-0.048768215,0.096585125,-0.04035766,0.31800488,0.4081921,-0.45717993,0.6857069,-0.025329482,0.010020082,0.18771753,0.06569883,0.08964872,-0.21249984,0.34671202,0.13362753,-0.19302307,-0.30694926,-0.65809655,-0.047982488,0.5322927,0.2779819,0.22422132,-0.29983583,0.1214641,-0.9614145,-0.060810577,-0.296383,0.09004187,0.3355205,-0.27264985,-0.25261515,0.28257295,-0.014357174,-0.14702591,0.10723728,-0.2702007,-0.5720987,-0.04410716,-0.088690884,-0.51173216,-0.0810872,-0.30302632,-0.3752463,0.17788799,0.6618129,0.36263448,-0.5935772,-0.23116805,0.047596116,-0.13783564,-0.24652863,0.09135508,0.27133545,-0.04416399,-0.1766983,0.291501,0.7646231,-0.3871138,0.23978762,0.19934049,0.03268918,-0.0947942,0.05999235,0.2439482,0.19611923,-0.42626625,0.600357,0.36050826,0.14433375,-0.065198615,0.12234356,0.39557406,-0.018572016,0.57791257,0.50915354,0.11287859,-0.19147411,-0.36600694,0.73078233,-0.0151863955,-0.11004101,-0.029537454,-0.11855611,0.33102834,-0.60446227,-0.4960548,-0.27399728,0.12874949,0.052386448,0.23060636,-0.4503738,0.12050527,-0.27530572,-0.37254202,0.10253837,-0.58837336,0.06357138,0.3154055,0.32710254,0.043241736,-0.012163589,0.353163,-0.72120607,0.0704873,-0.08181998,0.0025207284,0.44244134,0.465023,-0.30887172,-0.42215958,0.41619068,0.109653376,0.21803051,0.4498881,0.5612966,0.2943814,-0.24985307,0.3778564,0.38175035,0.08026981,0.23009855,0.017706309,-0.08140527,0.17471373,0.07549729,-0.21801642,-0.32893184,0.11115149,-0.6057762,-0.24238783,-0.13900565,0.29269555,0.35684097,0.48399854,-0.016760703,0.020371683,-0.08620037,-0.11710439,0.49816653,-0.4663575,0.034991737,-0.2621778,-0.03894464,-0.25476182,-0.16048847,0.0853107,-0.22750112,-0.019394128,0.41500703,0.40285575,0.28062585,-0.018058723,0.016779223,0.05755962,-0.20024161,-0.28696454,0.18450214,0.09136558,-0.22960314,-0.2939262,-0.7546167,0.08645548,0.3178385,0.5998304,0.34106773,-0.08869829,-0.49039155,-0.0732454,0.7076536,-0.46225655,0.27928212,0.32810032,-0.16729333,0.15638492,0.16414486,0.5477941,-0.23096861,0.37508938,0.26516876,-0.19755957,-0.24316388,0.05141769,-0.15280649,0.10943133,-0.8112314,-0.032766074,-0.31272477,0.4055482,-0.30648345,-0.025835572,0.47056374,-0.0057691564,-0.35763314,-0.494231,0.2824767,-0.092231914,-0.45900902,-0.47139585,-0.12611017,-0.38909984,0.33071056,-0.028285604,-0.21168596,-0.10489156,-0.18809046,-0.0009036252,-0.042781807,0.12340149,0.29761937,0.39168504,-0.16948509,0.29750234,0.05438873,-0.5626571,1.5098041,0.13431771,-0.3399771,0.33723113,0.06385817,0.30534396,0.018921014,-0.15623397,-0.23694345,0.3577006,0.2033663,-0.34376842,-0.317392,0.14140764,0.1257924,-0.13744736,0.46753734,0.26780018,-0.18421903,-0.29154223,0.19807522,-0.17776962,-0.30670297,0.18904847,-0.57104,0.07163306,0.029812586,-0.2586999,-0.49232087,-0.023419475,-0.43143868,0.14118686,-0.3343556,-0.4441317,-0.08280842,0.19992203,0.11539354,0.31633598,-0.096782885,0.27801016,-0.53465647,0.19560376,0.20388894,0.72582436,0.07950974,-0.035153553,0.26843968,-0.09606223,0.5646414,0.0073463228,-0.041519478,0.1585384,0.19148566,0.4498652,0.08732047,-0.14588621,-0.2592163,0.014909638,-0.030814394,-0.35356486,0.08539063,0.06472098,0.24767774,-0.2854394,-0.06918799,-0.23897888,-0.096185684,-0.24600933,0.24090713,0.8335574,0.31033218,-0.059826985,0.4959439,-0.40641853,-0.31314668,0.15387204,-0.15827051,0.2133669,0.0025034128,0.21705684,-0.25788644,-0.39963698,-0.7170754,-11.057696,-0.6463904,-0.51477206,-0.28344047,0.32798144,-0.5114842,0.06615692,0.14334005,0.13919222,-0.009185087,-0.0011075942,-0.267552,0.1583704,-0.84882414,-0.052770134,0.30797976,0.2897747,0.42948112,-0.22070235,-0.07073887,-0.5755807,-0.5200927,0.598817,0.1460413,0.32538024,0.011172669,0.23374818,0.093478896,-0.31308162,0.11063487,0.025998468,0.09562718,-0.20712785,1.2249717,-0.5128022,-0.1865678,0.04516697,-0.47051987,-0.3093912,-0.2642139,-0.10878569,-0.058738977,-0.09270943,-0.09296437,0.7986287,-0.50275713,0.2530168,0.47666058,0.20165908,0.15239744,-0.574376,-0.02197392,-0.032785133,-0.4528828,0.030648502,-0.16079779,-0.12959135,0.93564016,-0.05668025,-0.028502159,0.5689565,-0.18832412,-0.13134412,0.23847589,-0.5083063,-0.11410191,-0.4884867,-0.5316794,-0.37409794,-0.15535803,-0.37306213,0.22390923,0.09737355,-1.4816251,-0.355881,-0.21915108,0.28699163,0.5666277,-0.20582364,-0.19815807,-0.36583236,-0.31958884,0.040594764,-0.012863184,-0.67508096,-0.5438359,-0.0950996,-0.60731906,-0.36297482,0.29075292,-0.17536797,-0.1454268,0.53240436,0.09996823,-0.092695855,-0.40325463,0.5236869,-0.59301066,0.16766955,0.017914243,0.54922044,0.26542684,0.105763204,-0.5703686,-0.06504022,-0.38284934,-0.08975104,0.09228335,0.27224925,-0.11144162,-0.08997171,-0.1557537,-0.38109407,0.08467372,-0.19028248,0.16810463,-0.07353162,0.26416293,0.046189617,-0.4293261,-0.26757112,0.1619753,-0.29311898,-0.5097655,-0.28291038,0.06619296,-0.2090102,0.14311956,-0.52724886,-0.33365223,-0.49938965,-0.47595814,0.062320728,-0.26877534,0.050429706,0.008184117,0.40840235,0.025337253,0.19356722,-0.12962732,0.20807353,0.28146985,0.2344376,0.15364532,0.087240696,0.08004217,0.10111561,0.33438098,-0.034021992,0.0988209,-0.28502646,-1.0309623,0.23952499,-0.040922776,-0.12854564,-0.1311181,0.69146913,-0.4060415,-0.41200846,-0.64853406,0.27950668,0.08183574,0.021587191,0.41019782,0.057384443,0.2799439,0.19898681,0.1930194,-0.15400748,-0.44149512,-0.54859096,0.37065312,0.0718513,-0.1174386,0.02298463,0.48846993,0.18619682,-0.5940156,-0.0011821022,0.7254756,0.35758424,0.34525883,0.13379411,0.21849611,0.5752151,-0.11074816,0.015198047,0.23376235,0.6873934,0.40304998,-0.5731739,0.6614047,0.052072342,-0.28942195,0.21761288,-0.69706184,0.5162704,-0.10906234,-0.26903507,0.3690151,-0.13752517,0.28996587,-0.46090817,-0.010160197,-0.59140676,0.36922324,0.403914,0.48941976,0.39083415,-0.061548933,0.0077232732,-0.46805298,-0.52139395,-0.1415886,0.11314046,-0.2046497,-0.5150786,-0.41355488,-0.6112598,-0.1682205,0.009189704,0.16333026,-0.037197992,-0.17382962,-0.079107955,0.30727315,0.5949101,0.045345325,-0.454639,0.0065161525,-0.07431537,-1.0563009,0.034788955,0.06814695,0.33082443,0.14247575,-0.6859514,-0.18831417,-0.23244652,-0.13975707,-0.59674555,-0.8469265,0.034748763,-0.9416232,-0.53771746,0.09731659,-0.04194505,0.15080158,-0.30664822,-0.09217247,0.16603246,-0.35632586,-0.34544265,-0.44348782,0.108731546,-0.39364406,0.26070684,-0.12989162,-0.30203637,0.3295518,-0.5526712,0.07978645,0.03440975,0.23578195,0.04550959,0.12949374,0.106489874,0.1798592,-0.15246446,-0.28770182,-0.06135428,0.083862215,-0.21257025,0.14303394,-0.09425202,-0.47803894,-0.508263,-0.32166356,-0.15081291,-0.13983552,-0.24974741,-0.1779083,0.27571645,0.2685777,0.30045167,-0.1525919,-0.6321567,0.12570505,-0.18437618,0.15952,0.5972214,0.6480252,-0.37983447,0.40596163,-0.35930797,0.43187362,0.41794682,-0.19250673,0.48851424,0.3481347,0.012069033,-0.32269013,0.5399707,0.051787365,-0.25219226,0.35915834,0.048909493,-0.32401735,-0.18080018,-0.41929924,0.016527334,-0.42412904,0.69518226,0.9729833,0.067303754,-0.27301684,-0.57296324,-0.040554557,-0.64640546,0.07682394,-0.25505218,0.25358543,0.6140947,0.03948155,-0.023376798,0.06809059,-0.25970042,-0.23491819,0.12493539,0.38590163,-0.36478108,-0.026982069,-0.3168858,0.1884992,0.15668169,-0.2527595,0.04882753,0.09202317,-0.31425315,0.17757109,-0.07564182,0.302791,-0.0638909,0.018908702,0.07028926,0.075421885,-0.008903061,0.058980223,0.375111,0.18783809,0.07207132,0.17987579,0.17118163,0.04668098,-0.07262668,0.085133746,-0.1377121,0.0327922,-0.0078772195,0.41942775,0.31686443,0.12891847,-0.050495997,-0.72777957,-0.32160747,-0.13291581,0.26026085,0.18295103,0.10688471,0.3432003,0.19596794,-0.06582589,0.26616767,0.13018227,-0.011402068,-0.09289913,0.093808606,0.13835964,-0.48568115,0.25236437,-0.37441394,-0.1467221,-0.5167811,-0.37048954,-0.17160776,-0.5133387,-0.041515186,0.20383161,-0.08226126,-0.4089335,-0.058690652,0.47041687,0.08710249,0.1884547,0.028981538,-0.41336346,-0.05630593,-0.0002496338,0.118910514,-0.10654488,-0.010896733,-0.3996913,-0.28389895,-0.02933859,0.39741135,-0.1801672,-0.07211491,0.47095582,-0.6297158,-0.2395591,0.071597196,0.06360062,0.021107722,0.1483977,0.20699626,0.44311887,0.38921762,-0.29775256,-0.36859605,-0.017248824,-0.38570237,-0.5019961,0.1041256,-0.06845397,0.044839077,-0.5621831,-0.022623269,0.06641096,-0.0015521053,0.26445067,-0.077688836,0.285243,0.60726774,-0.089973114,-0.4299311,-0.2318325,-0.25511062,0.35860747,0.14375238,0.62802815,-0.2409627,0.13319837,0.209395,-0.10221382,-0.22923315,-0.034590587,0.49903697,-0.25665915,-0.9693464,-0.5770309,-0.23687355,-0.37298623,-0.13499078,-0.23100832,0.22630213,0.34086567,-0.42278838,-0.5341361,0.028561106,0.22492677
0.16217001,-0.242448,0.112357855,-0.10405319,0.047102123,-0.4656527,0.06474465,0.43920138,0.26429793,0.36688042,-0.097902164,-0.14591062,0.099364765,0.31837136,-0.37410855,0.5804268,0.09031146,0.3072555,0.091532715,0.3441965,0.22353382,0.026040707,0.13842557,0.12886575,0.5799331,0.016930044,0.34545535,0.13195899,-0.78053224,0.2661584,0.8106991,0.2126264,0.07668468,0.31043845,-0.101092674,-0.46463418,-0.25445786,0.0970884,-0.29053965,0.31865966,-0.5744223,-0.31867924,-0.2927098,-0.02946242,0.1919453,0.61272365,-0.01544734,0.01907631,-0.21669695,0.670132,-0.5586103,-0.06786986,-0.04166211,-0.4207705,0.049646433,0.46123296,0.28393322,-0.76411736,-0.15175855,-0.05916727,0.055090867,-0.17925358,0.31249315,-0.44250762,0.12468808,-0.13833618,0.0162225,0.60095054,-0.23135935,0.13634019,0.019827496,-0.15526453,-0.42614165,0.29037064,0.07436287,0.32377207,-0.14439434,0.49136132,0.43846366,-0.16315897,0.1000101,0.07901947,0.0837671,-0.08252146,0.2240089,-0.020008948,0.098535605,-0.16601196,-0.15663064,0.84994406,-0.029634537,0.06695626,0.145675,0.19974798,-0.02136308,-0.43737832,-0.52881503,0.06250196,0.056136705,-0.17293778,0.58926845,0.020030703,0.06543231,0.088011354,0.056560062,-0.18102413,-0.21816662,-0.16783203,-0.2498692,0.17748983,0.13565949,0.48238742,-0.1005187,-0.36140364,-0.7049795,-0.054962467,-0.043816246,-0.004379643,0.27718106,0.20019466,0.133715,0.3577626,-0.4054759,0.28236333,0.28015313,0.5948273,0.3166258,-0.40092805,0.3458329,0.377012,0.05366673,0.31394204,0.04835268,-0.17333002,0.20765708,0.13660921,0.059180237,-0.43104115,0.0011264387,0.01292467,-0.15899853,-0.63287413,-0.08096297,0.31491163,0.44756758,-0.0891065,-0.33271942,0.07111969,-0.48641214,0.3848922,-0.36311978,-0.15684074,-0.34524438,-0.021355484,-0.017545765,-0.36366764,0.35184616,-0.35008827,-0.008928608,-0.086244434,0.28885812,0.08803804,-0.14138138,-0.032459076,-0.17887066,0.08433424,0.06210033,0.34535867,0.03525419,-0.16150305,-0.09413027,-0.35113567,0.39264777,-0.23727655,0.4046225,0.46859172,-0.4494047,-0.38951933,0.05798452,0.94596213,-0.45328334,0.32703644,-0.07614292,-0.12907986,0.078547716,-0.062391583,0.54899156,-0.08938281,0.5800289,-0.123950824,-0.36124143,-0.17207178,-0.10754275,0.4411391,0.13250546,-0.40973857,-0.015882526,-0.10305231,0.6071285,-0.34919763,-0.002992628,0.1391376,0.060839836,0.030584695,-0.42754737,0.16737972,-0.43246892,-0.454972,-0.12021093,0.10781013,-0.025580239,0.3191765,0.05206391,-0.27043155,0.22676739,0.42109254,-0.04794897,-0.3284608,0.0070663863,0.16432945,-0.2045792,-0.22822106,0.101413466,0.21927583,-0.017293349,1.4150004,-0.023127269,-0.42435482,-0.07576122,0.21005036,0.060998764,-0.2166334,0.036321435,-0.38643512,-0.10188551,0.10079839,-0.6190975,-0.36464632,0.3196788,-0.46514305,-0.42201206,0.517024,0.27937424,0.11222375,-0.3106125,0.08747044,-0.74616814,-0.16336504,-0.20339578,-0.08651225,-0.112863466,-0.15078011,-0.58804476,-0.26675427,-0.23866835,-0.20784037,-0.13860446,-0.24338901,-0.25366747,0.02480453,0.3584627,0.17239115,-0.29095665,0.07349651,-0.10194914,-0.28058672,0.25759012,0.2529571,0.32180804,0.05215905,0.0006733513,-0.379486,-0.20640886,0.6207491,0.24258853,-0.18493704,-0.22937292,-0.07488575,0.20808317,-0.027669517,0.03169413,0.39385173,0.07067829,-0.021850672,-0.35587212,-0.06274962,0.014150145,-0.37763095,-0.34531385,-0.20482405,-0.6475577,-0.0006730419,-0.21175301,0.17977798,0.32740718,0.4636987,0.2339036,0.07309439,-0.18456621,-0.5266151,-0.031233717,0.08382968,-0.45852807,-0.016962657,0.017621983,-0.051273715,-0.07779973,-0.5978029,-9.031958,-0.10695352,-0.12617555,-0.37639964,-0.051755145,-0.22506776,0.068376414,-0.3043684,0.012667819,0.07198049,0.016710747,-0.40024263,0.21662602,-0.24590512,0.0038486838,-0.20455737,0.3556427,-0.14779903,-0.10434954,0.43643594,-0.39878264,-0.43247986,0.25136253,-0.2996527,0.23763168,0.33598727,0.17653629,0.12283934,0.16860381,-0.33746,-0.0019507637,-0.27161968,-0.033592798,1.289463,-0.75513244,-0.07320079,-0.13340202,-0.6384232,0.11228571,0.19250241,-0.18983902,-0.5013142,-0.2546814,0.27030796,1.0556337,-0.31107727,-0.05844871,0.26192266,0.29387674,-0.22309946,-0.4107166,-0.5926517,-0.0602581,-0.07870479,-0.16192076,0.33478913,-0.086107366,0.3095617,-0.24856262,-0.3870358,0.08786422,-0.0874551,-0.2995019,0.08308223,-0.15422079,-0.03755102,-0.77004343,-1.1021962,-0.17750509,-0.4483895,-0.3899757,0.53238946,0.24415587,-1.288064,-0.40040997,-0.40841278,0.11753651,0.3189375,-0.47025695,-0.25317886,-0.69190603,-0.09937231,0.15675655,0.07101807,-0.17724887,-0.59155977,0.043415155,-0.43666324,-0.61068445,-0.056635875,0.35295954,-0.13899365,0.18388474,0.48890316,-0.26013017,-0.30599752,0.5924242,0.035439126,-0.011354962,0.17408861,-0.05504962,0.22012235,0.5921156,-0.96053934,0.068020724,-0.55650485,-0.2503285,-0.051330224,-0.13886918,-0.4309498,0.3116931,-0.2246688,-0.36107606,0.23776233,0.15908732,-0.32428035,0.2203416,0.71733934,0.43373567,-0.80759674,-0.020902073,-0.2922542,-0.36671248,-0.29669374,0.19908811,-0.15487662,-0.66517496,-0.004604057,-0.08454719,0.15093102,-0.16118671,-0.106667586,-0.09895276,0.30699852,0.33654937,-0.34495345,-0.100706786,-0.13924567,0.20822394,0.5185007,0.20404766,0.34530485,0.20096147,-0.0011217871,0.712372,-0.4159599,0.23510607,0.14882423,0.104207546,0.3577051,-0.56193197,-0.8075135,0.26502028,0.14468491,0.19391808,0.042424656,0.3930849,0.13538535,-0.35050964,-0.56416774,0.0014803202,0.11657439,0.18926574,0.34759688,-0.0540483,0.20351906,-0.049583063,0.043598,0.3048854,-0.1610138,-0.075876325,0.5034288,-0.04158382,-0.026974238,0.124283284,0.6982627,-0.06453409,-0.14748974,-0.2517334,0.8828018,-0.30275586,0.0051007485,-0.0005877468,0.6743242,0.42054504,0.4161599,0.25205594,-0.15166482,0.44228134,0.21308966,-0.3286258,0.2597844,0.046387628,0.007961284,0.26871967,-0.57566255,0.3853767,-0.08965215,-0.25078633,-0.061046615,-0.33725825,0.20270604,-0.17716962,0.35471943,-0.36334097,0.27023163,0.07596774,0.44111305,0.35264692,0.20033985,-0.14623448,-0.4221616,-0.35002682,-0.5005118,0.51608694,-0.56005746,-0.6183069,-0.1665867,-0.70116013,-0.0011788948,-0.0087905135,0.3207198,0.00546374,-0.014671249,-0.37095225,-0.11875327,0.17146522,-0.01861846,-0.4403275,-0.2599734,-0.2250745,-0.6473255,0.00031228393,0.18977426,-0.32547066,0.03354369,-0.004767792,-0.49234352,0.3026411,-0.31634483,-0.012237454,-0.96947646,-0.32461423,-0.7282267,-0.423812,0.38534224,-0.2624102,0.32141683,-0.2128082,0.44016433,0.27897218,-0.1208209,-0.4571329,-0.2058441,-0.036103,-1.0168791,0.19210044,-0.10907404,-0.06254057,0.42405158,-0.23742417,-0.04789165,0.2993254,0.20211568,0.24385582,0.04273828,0.11978779,0.463933,-0.51345134,-0.45802236,-0.395057,-0.45703784,-0.11388444,0.15228188,-0.31704313,0.25710475,-0.38834092,-0.5736342,-0.3179088,-0.16251715,-0.606395,-0.02040277,0.09025869,-0.24076734,0.61262816,-0.19581094,-0.32148623,0.5015741,-0.0495307,-0.22724049,0.41390288,0.28243884,0.071051486,0.11989744,-0.46447417,0.4265232,0.41400906,0.06255488,0.42005035,-0.011665016,-0.51097417,-0.49557918,0.47880554,0.21790744,-0.19812326,0.37896907,-0.42795756,-0.64392775,0.16666216,-0.72718763,0.11097388,0.32809117,0.7621773,0.25980526,0.06302831,0.036161426,-0.8955688,-0.16248548,-0.7530949,-0.067249306,-0.14842324,-0.05743313,0.75766206,-0.3289363,0.12890905,-0.02235433,-0.13514094,0.0022867592,0.03423542,0.23937614,-0.29095668,-0.41436636,-0.57587534,0.0722555,0.0077735437,-0.14655411,0.13152654,0.2037461,-0.3066955,0.23215769,0.14925462,0.33895776,-0.20777933,0.077732354,-0.28698617,0.091095164,-0.31706747,0.18761279,0.33375558,0.42693835,-0.036101963,0.29129753,-0.26818645,0.19995445,0.012402802,-0.06794454,0.44412196,0.5321595,0.06164113,0.24359034,0.09926868,0.08079351,0.074516,-0.1351219,0.64312965,-0.08111839,-0.11580946,0.33223933,0.2124125,-0.07616744,0.15656756,-0.3288382,-0.33086032,-0.6403411,0.29111326,-0.39271808,0.15750475,-0.1636448,-0.3521733,0.05257801,-0.20839557,0.117571495,-0.2488697,-0.2448542,-0.27181163,-0.43708,-0.0782088,0.1735169,0.10052011,-0.13602057,-0.48431218,0.2359498,0.31131884,0.6259912,-0.23533829,-0.061077327,0.14639533,0.28620136,0.5997244,-0.16880505,0.068242386,-0.20045069,0.26997486,0.12621285,0.09103104,-0.32039005,-0.428647,0.21970558,-0.7926064,-0.5143725,0.24055515,0.17019375,0.07854016,0.2443603,0.3953729,0.24974285,0.32242855,0.06347296,-0.29775095,-0.4832836,-0.35659608,-0.6793122,-0.048271008,0.37896216,-0.044369932,-0.5546591,0.5642587,0.24593933,0.47286987,0.14244613,-0.7062053,0.25952566,-0.2633435,0.35727963,-0.15667024,0.009055861,0.2282514,0.87993485,-0.15152346,-0.1692586,-0.23880398,0.19940744,0.23312847,-0.36400032,-0.08288789,0.08748035,0.19560249,-0.19036135,-0.5629614,-0.097480126,0.2121476,-0.07194724,0.04960578,-0.22097115,0.3478464,-0.1719165,-0.28372496,-0.34028745,0.1000168,0.020874457
0.8269306,-0.25184435,0.68914974,0.390114,0.7198984,-0.26700553,-0.16489987,0.78965825,-0.34885034,-0.61568356,-0.19224553,-0.0712323,0.14226319,0.5701366,-0.11987539,0.59417075,-0.47291765,0.5097139,-0.10047037,0.22935505,0.32263502,0.006029176,-0.1831895,-0.018600827,0.27107236,0.007024203,-0.054752443,-0.23351108,-0.67255604,-0.1749859,0.095033884,0.37823442,0.63350457,-0.027985444,-0.19752772,-0.46771616,-0.39543733,-0.29066953,-0.21407703,0.59195405,-0.24640979,-0.34021455,0.2882673,-0.003100243,0.12653767,0.38714433,-0.34494454,-0.22470741,0.255473,-0.02086695,-0.48186645,0.41260248,0.36204782,-0.3648348,0.2937634,0.3954021,0.43450716,-0.3957062,0.0052729524,0.08637682,-0.22698759,-0.23805228,0.1960578,-0.03360971,0.04727326,-0.37280613,0.33719155,0.50934184,-0.8724651,-0.3741064,0.1730958,-0.2741877,-0.24695759,0.32200924,-0.14646374,-0.007357971,-0.40192154,0.5760166,0.2489014,-0.09839428,-0.16969189,0.24055088,0.43658233,0.058230545,0.26288077,-0.19025217,0.09402851,-0.3614776,-0.20712553,0.5530217,0.05747489,0.36179274,0.2869506,0.03444067,0.2541676,-0.55448425,-0.51937574,-0.33995733,-0.42005873,0.45327646,0.66279113,-0.57703763,0.034477677,-0.32483166,-0.16455401,-0.07782127,-0.54601455,-0.28159645,0.22154391,0.18525432,0.087209284,0.29080313,0.13262774,-0.82606566,0.035381276,0.21625301,-0.32555243,0.5708659,0.32016712,-0.35811424,-0.15068759,0.29877195,0.12416234,0.25930774,0.35964826,0.085927196,-0.183004,-0.53661186,0.117905684,0.48975426,0.19934645,0.395631,-0.3267958,-0.15740247,0.2067125,-0.15914966,0.18321404,0.31433064,0.10083794,-0.2886525,-0.314658,0.53729177,0.039654184,-0.024001036,0.44583157,0.031852115,0.02312913,0.094231434,-0.24109104,0.7421073,-0.34783596,-0.10506576,-0.5155707,0.1447824,-0.025425175,-0.42073423,-0.13252309,0.1065799,0.50274074,0.34694022,0.020339984,-0.21266116,0.15580854,0.20083342,0.024486735,0.05702601,0.24291648,0.1542832,-0.03135985,-0.36174005,0.08596673,-0.56263447,0.14742614,0.19817194,0.4165606,0.7423274,-0.058703672,-0.3209403,-0.07548942,0.9348382,-0.5198491,0.025806064,0.23853521,-0.37599176,0.08008321,0.2644736,0.10910974,0.08184414,0.6263193,0.30731234,-0.87904745,0.036201436,0.42579746,-0.3279836,0.23757699,-0.47952226,0.071594305,0.02963014,0.20857336,-0.029571226,0.28390217,0.4659093,-0.077157855,-0.37952486,-0.6206247,0.60017544,-0.3201718,-0.23502263,-0.6938849,0.0057469276,-0.32311144,0.4301092,0.009222923,0.163957,-0.35924977,-0.09823609,-0.017772583,-0.415461,0.24038412,0.3524235,-0.34069124,-0.08861117,-0.15728296,-0.24095924,-0.669363,0.9667796,-0.108915076,-0.2604657,0.35124823,-0.038867623,-0.15602264,0.1077045,-0.13400295,-0.16628836,0.641286,0.17071725,-0.08845698,-0.59203213,0.30666572,0.16111407,-0.2506297,0.12937653,0.5752708,-0.07563665,-0.16050903,0.32289904,-0.11632446,0.07708989,-0.012314347,-0.3079807,-0.25786665,-0.10911025,-0.02712388,-0.5368564,-0.30982146,-0.5428399,0.13183603,0.15916708,-0.34466812,0.09968165,0.42127562,0.09014068,0.14457484,-0.013547658,0.31362167,-0.2654299,-0.1574218,0.2640405,0.21886265,0.30063123,-0.1646068,-0.03933234,-0.1383904,0.66242564,0.041004788,-0.5361379,0.14878812,0.2617653,0.34577295,-0.23682223,0.09685608,0.35197192,-0.078602925,0.12163131,0.015870426,-0.32977733,0.2924579,0.16464974,-0.44956818,0.15017594,-0.031785756,0.28285435,-0.117067404,-0.11830396,0.9468843,0.2633726,-0.032290727,0.270982,-0.6508573,-0.25192925,-0.20276643,0.17353483,0.40538415,-0.009347377,0.371227,-0.2087826,-0.3022012,-1.0446321,-9.227267,-0.22472288,-0.3056921,-0.41296646,-0.021803495,-0.35302645,0.07101283,0.20068946,-0.37518936,-0.058420535,-0.012693636,-0.1490082,0.2074164,-0.560212,-0.4495149,0.18201886,0.23238108,0.6063808,-0.27508178,0.48825958,-0.19476758,-0.31145915,0.74743336,0.17165412,0.6596952,0.04658177,0.14623962,0.025686057,-0.12675188,-0.25583014,0.24791756,0.35314617,-0.008869034,0.9848781,-0.11783718,-0.12891723,-0.03468613,-0.45759845,-0.16255388,-0.1633142,0.029720096,0.006737015,-0.3252182,-0.02997964,0.71134794,-0.6708438,0.24601069,0.5152835,0.120852716,0.43273902,-0.29614788,0.32436484,0.044790946,-0.69617033,-0.15600096,0.35807875,-0.196279,0.95869255,-0.22576524,-0.3473511,0.60208327,-0.023173708,-0.1883124,0.009267191,-0.02589686,-0.42294148,-0.6212698,-0.7668876,-0.5844884,0.0316659,-0.40165997,0.22338532,0.047661696,-1.5070394,-0.26091242,-0.06739616,0.068624884,0.25048742,-0.2411735,-0.13573338,-1.3032929,0.2575629,0.3345078,-0.4966262,-0.21086392,-0.14426157,-0.48741317,-0.49635202,-0.6401847,0.6280789,-0.09290896,-0.2629613,0.4464595,-0.06654627,-0.10855111,-0.26053643,0.07770407,-0.41232762,0.02129831,0.25639609,0.45811835,0.17447992,0.457434,-0.50467044,-0.115390256,0.19790466,-0.55151683,0.37850046,-0.36150727,-0.3213291,-0.19337153,0.12814592,-0.5006879,-0.08471025,-0.7779249,0.112606645,0.14391449,0.2560722,0.1461092,-0.32849383,-0.32503805,0.28108498,-0.32720882,-0.89917964,0.36518344,-0.11252363,0.13938056,0.10064428,-0.37705216,-0.5098325,-0.108850114,-0.5372405,-0.40694442,-0.40550074,-0.34426478,-0.3199661,0.0034935628,-0.1324619,-0.198192,0.408721,0.6208178,0.36920235,0.1605686,-0.013859844,0.23615456,-0.083896056,0.15365389,0.2678626,-0.15839072,0.48383474,-0.4518818,-0.66048753,0.33116913,-0.0021455712,0.13401723,-0.31705835,0.62379026,-0.37594482,-0.30017614,-0.71383065,-0.0217906,-0.04361919,-0.08951964,0.0292269,0.4348304,-0.026795106,0.20855045,0.23628286,-0.16699764,-0.7371399,-0.31937313,0.39731225,0.09405728,0.18477364,0.2165654,0.64863455,0.36706537,-0.5515947,-0.24132542,0.627884,0.23331428,0.33004922,-0.029510695,-0.3532597,0.3017837,-0.1724701,0.19941756,0.3300924,0.3549308,0.3307876,-0.21104881,0.6395807,-0.32069865,-0.77288634,0.30353206,-0.55109805,0.6160671,-0.21609461,0.1564833,0.54899627,-0.23510894,-0.24534261,-0.70236677,0.22497849,-0.18153767,0.3419065,0.31987092,0.12064759,0.491687,0.10882557,0.2657555,-0.54675096,-0.68442184,-0.51500505,0.17067507,0.074268505,-0.2175496,-0.57464796,-0.6397772,-0.041120328,-0.11505155,0.09014442,0.23371257,0.14913754,-0.067346096,0.4224778,0.24845421,-0.118313394,-0.035571642,0.19170587,-0.14206482,-1.2028042,0.17545006,-0.10854018,0.2939284,-0.021123448,-0.39430523,0.03202167,0.113047585,-0.1428436,-0.35585713,-0.7509923,-0.042545293,-0.88964415,-0.2384981,0.3384199,-0.4285404,-0.1672888,0.19861138,0.25219548,0.5886407,-0.08526307,-0.13770266,-0.59896284,-0.26445767,-0.7105184,-0.31765547,-0.18257715,-0.32063085,0.4237392,-0.7402691,0.2741831,-0.049618226,0.29192635,0.107290976,0.3857688,0.026447298,0.026770456,-0.1186355,-0.73851746,0.03908517,-0.057115726,0.01736147,0.12268007,-0.08777415,-0.49618882,-0.671039,-0.27485117,-0.036082853,0.10329117,-0.7469181,-0.42899036,-0.036311638,-0.15930748,0.27404413,-0.16796513,-0.48505887,-0.0642149,-0.5181611,0.027512502,0.25183883,0.5587327,-0.5283044,-0.5024399,-0.35640445,0.6008447,0.47945777,-0.2373373,0.16028452,0.17608918,-0.021242576,-0.34915045,0.832233,0.2650774,0.159219,0.29708937,0.0407753,-0.117349915,-0.025075084,-0.30887055,-0.45103392,-0.25032273,0.4506588,0.4646147,-0.23654531,-0.35239497,-0.6781655,0.100550555,-0.2622239,0.036169432,-0.34124276,0.23482345,0.61639726,-0.39241847,-0.22438528,0.3682494,0.1349752,-0.2780139,0.4599475,-0.21261764,-0.6315351,0.28737465,-0.027131934,-0.016363222,0.18315923,-0.1867559,-0.16982736,-0.01973257,-0.37152165,0.19122925,0.501974,-0.16761203,-0.24178234,0.18694913,-0.06900065,-0.036781162,-0.3181816,0.21950355,0.49783444,0.41655383,0.02053906,-0.25168926,0.1855192,0.40249842,-0.068953976,-0.3273826,0.29396433,-0.047329582,0.33605996,0.6555224,0.15561114,0.44991893,-0.19420817,-0.49287668,0.02706789,0.2485377,0.3202297,0.11989147,0.016552752,0.20015128,0.3835555,-0.13178582,0.46672028,0.124263644,-0.1847506,0.21737173,0.026454236,-0.025629768,-0.19417743,-0.15572514,-0.6438455,0.11386304,-0.5484621,0.050349183,0.027384687,-0.16940175,-0.043899022,-0.21007521,-0.061194684,-0.29725602,0.08565788,0.23757777,-0.14509806,-0.04641171,0.045156445,-0.1927791,0.3046938,0.14510722,0.17742302,0.03727061,0.06342142,-0.6613332,-0.23606168,-0.09494876,0.38092873,-0.090615354,-0.07454801,0.29612753,-0.85589725,0.044230785,-0.16077408,0.24013706,0.021734353,0.3038253,-0.117226206,0.07546646,0.28097045,-0.5135971,-0.45662063,-0.35295296,-0.14008924,-0.35905626,0.056955494,-0.17449537,0.40408412,-0.4218015,-0.24334478,0.24555542,-0.02492723,0.10790757,-0.35501745,0.31418246,0.4471796,-0.011144742,-0.35531038,-0.04891923,-0.1043785,0.15164669,0.20212552,0.5771116,0.16118522,0.482368,-0.29061764,0.06632433,-0.14930017,-0.056354012,0.5094459,0.11732461,-0.69394666,-0.5082225,0.033419948,-0.4347884,-0.38733813,-0.0140646035,0.4014376,0.21827237,-0.35306546,-0.5793901,0.07561835,-0.35432774
0.43417752,-0.11779726,0.5610793,0.340926,0.4789106,-0.08529519,-0.009634183,0.13246423,-0.35357037,-0.5013859,0.31788746,-0.10339167,0.039792687,0.11493871,0.08990159,0.64195883,0.0799746,0.59389746,-0.13595805,0.3262614,0.34834483,0.45828664,-0.5656028,0.0556926,0.48830804,0.006775372,0.22503333,-0.3642915,-0.45853359,0.08635473,0.32576126,0.4516814,0.331537,-0.032178797,-0.3954874,-0.3234807,0.039996877,-0.41851974,0.2915005,0.14073718,-0.43050346,-0.16527396,0.19265795,0.14333576,-0.36670995,-0.10312626,-0.39477414,-0.17279838,0.25306323,-0.30214903,-0.60762393,0.0074551217,-0.073083036,0.0049028443,-0.073335186,0.5694503,0.42424905,-0.31720266,-0.43430462,-0.08019443,-0.15120007,-0.05196835,-0.097864255,-0.24045447,0.06690243,-0.39056194,0.26042795,0.5334694,-1.0629796,0.04334709,-0.0083983755,0.050702464,-0.3228823,0.29951665,-0.6758786,0.46445832,-0.6821377,0.6967106,0.010691443,-0.24287346,-0.3770714,0.113549344,0.30320323,-0.20162544,0.3478787,0.7980222,0.5259893,0.4027601,-0.6727031,0.7720062,-0.16936839,-0.16397604,-0.30121297,0.2539434,0.90666306,-0.35514957,0.025714183,-0.2714101,-0.30188835,0.13752025,0.6804758,-0.91533744,0.1888615,-0.18148029,-0.19448507,-0.016233869,-0.72456115,0.07437549,0.32101154,0.15378352,-0.30664846,0.3947625,0.06246453,-0.39804813,-0.10168501,0.31450215,-0.23545592,0.32218516,0.082596295,0.06528543,-0.3127905,0.6246949,0.08756315,0.24169904,0.38001794,0.24100357,0.094429396,-0.032855872,0.21065533,-0.0031110006,0.4042763,0.22997878,0.40527934,-0.041291215,-0.17887181,0.16827576,0.10697007,0.12705883,-0.05425901,-0.41658247,0.05577665,-0.48711923,0.5500601,0.37526387,0.7656746,0.1252902,0.13775718,-0.40588284,-0.09866847,0.2861348,-0.41295564,0.29058915,-0.39656955,-0.061851814,-0.36042812,0.12939917,-0.5976682,-0.034817517,0.089793004,0.21616812,0.10045769,-0.21013914,-0.23716117,0.03314871,0.28304833,-0.27394763,0.45023376,0.8237029,-0.3263606,0.00885317,0.1757197,-0.4571541,0.5181126,0.31052196,0.579303,0.8192384,-0.3337419,-0.25894707,0.24982023,0.8448401,-0.5994738,-0.10690043,0.16119066,-0.68929476,0.5362347,0.056631044,0.5936513,-0.50338566,0.63949394,-0.004061244,-0.46129668,-0.09706602,0.20685448,-0.8983078,0.37971398,-0.6050369,-0.10711153,-0.34410977,0.43975842,-0.5878684,0.15113369,0.39915642,0.22428113,-0.41810817,-0.13046072,-0.12285327,-0.34177816,-0.2620494,-0.93815666,-0.0917783,-0.59627867,0.5516268,0.13028465,0.020498784,-0.12518519,0.20724171,0.22717607,-0.117745265,-0.3180249,0.5384824,0.4415625,-0.8371814,-0.14962596,0.1548825,-0.4965429,1.1324794,0.53634953,-0.24900813,0.39113104,0.12895149,0.16165747,0.05290833,0.34518826,-0.092570156,-0.20304134,0.09078193,-0.15928365,-0.15026124,-0.25808346,0.020175314,-0.27672976,0.45058662,0.015157504,0.45805496,-0.29031548,-0.032077026,0.07799149,-0.49153093,-0.4766205,-0.18831988,-0.61409265,-0.3336108,-0.40458527,-0.35970712,-0.006430096,0.1327521,0.060129866,0.11255846,-0.39648005,-0.09506342,0.41179144,-0.012109151,-0.2845445,-0.01678764,0.22229429,-0.43898034,-0.20044895,-0.016437834,0.94106764,0.03954818,0.03546329,-1.0225853,0.20206024,0.55343765,0.07163793,-0.40507287,0.24091698,-0.16107918,-0.17762882,-0.23272815,0.059021324,0.44337732,-0.31239206,-0.32856143,0.06207987,-0.5252621,0.5989516,-0.13745642,-0.06097302,0.18214837,-0.44869924,-0.12453419,-0.210089,-0.6008017,0.94252664,0.7148702,0.058414992,0.2288178,-0.81107295,-0.07841324,-0.2004823,-0.7085582,0.16287203,-0.34609208,-0.17209147,0.08160803,-0.25252292,0.055171963,-8.263317,-0.19333191,-0.22546393,-0.31834927,0.023350554,-0.05745716,-0.04410253,0.06516662,-0.108817995,-0.25376478,-0.29402062,-0.45995253,-0.4794241,0.16112122,-0.17987809,-0.21454643,0.8603511,-0.009839953,-0.040350266,0.24980082,-0.3695417,-0.4824403,0.2551942,0.0058878283,0.25374582,0.11059146,-0.5686529,-0.12964785,-0.16503055,-0.29796714,0.016702227,-0.11601472,-0.11660613,1.2313055,-0.5143856,-0.18166773,-0.2167789,-0.2210989,-0.15016949,-0.28623468,0.07122696,0.48488557,-0.1643956,-0.12083855,1.334809,-0.73992205,0.17698732,0.19012596,-0.033813223,-0.21768004,-0.22589856,0.08165217,0.30603343,-0.40041485,-0.27711108,-0.2752506,0.4196093,0.6865621,0.18061733,-0.6031453,0.50866413,-0.37045905,-0.0147019215,0.0061472277,-0.015606275,-0.20046704,-0.989271,-0.6390683,-0.34339342,-0.14763592,-0.31338954,0.41497397,-0.25391996,-1.0141283,-0.54391116,-0.5725857,0.9699366,0.23711199,-0.066561416,-0.4889845,-0.665242,-0.34094352,0.20073693,-0.3210591,-0.55876315,-0.1549466,-0.31255463,-0.34833622,-0.73941034,0.31710443,-0.06604742,0.17965406,0.39812127,0.47872153,0.22696088,0.14274068,0.7560471,-0.3751594,-0.27103716,-0.0029327187,0.14987001,0.15552217,0.15342171,0.13332467,-0.1359389,0.1333846,-0.0063828058,0.23453666,0.3258796,-0.1256213,-0.089235574,0.27481002,-0.09871409,-0.44035682,-0.01628856,0.0061466503,0.12911586,0.23584332,0.44383776,-0.06481297,-0.09564309,0.13575172,-0.5551118,-0.2552208,-0.22960082,-0.10174548,-0.118191764,0.2916171,-0.1786538,-0.5090315,-0.10393136,-0.031074611,-0.27248693,0.13989738,0.17458755,-0.45868167,0.3070735,0.12341079,-0.23929287,0.0061003803,0.49974042,0.5121162,-0.045084476,-0.47178876,-0.007714142,-0.0129962405,0.101042025,0.61469114,-0.0012863922,0.18448286,-0.7318161,-0.7428121,0.066028774,-0.26676953,0.03844207,-0.15498574,0.584336,-0.42591056,-0.08930298,-0.59774613,0.14944853,0.19011942,-0.12972496,0.24438778,-0.21206132,-0.059219535,0.16872163,0.23786579,0.36620155,-0.1929185,-0.26872265,0.25534052,0.5742884,-0.13347955,0.2263292,0.030949838,0.30645788,-0.29770222,-0.24817285,0.36430654,-0.23312342,-0.14256333,-0.36469117,0.06886499,0.524859,0.16588522,0.34392387,0.09852599,0.2920707,0.562939,-0.16399051,0.651808,0.048131436,-0.9343426,0.15059473,-0.4120154,0.30069077,-0.06614652,-0.10890181,0.42570174,-0.5288892,-0.2099048,-0.4390984,0.055307463,-0.09949249,0.2989877,0.017371656,0.6195497,-0.159668,-0.0074312496,-0.30781314,-0.31662524,-0.5003009,-0.30954236,0.26026288,-0.23216587,-0.08263764,-0.64854425,-0.88463485,0.48207593,0.32333365,-0.20157084,0.21222693,0.5152615,0.22338867,-0.06491645,0.1121789,-0.15887164,-0.3288007,-0.02409099,-0.08673463,-1.2975142,-0.026445959,0.210204,-0.42763957,-0.30542085,-0.47036803,-0.19363014,0.034716018,-0.76913625,-0.31253576,-0.49605075,-0.41224694,-0.72886497,-0.050500493,0.04961352,-0.1835432,0.05102446,0.048563294,-0.16180408,0.031184174,-0.08100452,-0.3981707,-0.23435326,0.4453385,-0.051175527,-0.16055566,-0.71171457,-0.31436828,0.20931652,-0.5601537,0.05479465,0.23165852,0.5985002,0.28269738,0.14436813,0.08162512,0.25047666,0.53911626,-0.32348305,-0.5928801,-0.24772643,-0.1132051,0.375262,0.05285503,-0.5296219,-0.15822428,-0.21982458,0.110357516,-0.35672048,-0.62355953,-0.13815542,0.5176209,0.1128948,-0.05386729,-0.17359585,-0.62267774,0.29659152,-0.07491099,0.33407757,0.13608123,0.36374336,-0.28113785,-0.00015507505,0.0071794745,0.44807532,1.0271766,-0.05279763,-0.059234545,0.39711025,-0.2931941,0.14226066,0.4902276,0.11511633,-0.029968,-0.1050429,0.3043795,-0.2731718,0.103897154,-0.6585244,-0.32481045,-0.11248898,0.49930358,0.61447084,-0.1057854,-0.25136092,-0.45580003,0.06337451,-0.04343759,0.52884346,-0.7159383,0.04522741,0.9220275,-0.02482548,-0.17785427,0.7156042,0.2828412,-0.007849429,0.13073967,0.22110026,-0.25402954,0.39925766,-0.22204004,0.36198616,-0.4179892,-0.28183833,-0.1980409,0.13415073,-0.026906192,0.14191636,0.38973328,-0.0013999753,-0.25693017,0.010744143,-0.4213859,-0.29121205,-0.33610246,0.109483935,0.08417505,0.51763356,-0.017581468,-0.19353777,-0.049216423,0.3672357,0.44088662,0.1363378,0.4978228,0.34857404,0.1738664,0.5329577,-0.0204921,0.0042088246,0.21127334,-1.0081326,0.35234192,-0.11964354,0.27789164,0.262732,0.31877956,0.10007651,0.05064005,0.3509519,-0.2782474,-0.03599938,-0.17838736,0.41932714,-0.36400786,-0.46170837,-0.3699405,0.13061848,-0.25169605,0.063083805,-0.4501717,-0.07665665,-0.19482622,-0.15559761,-0.12820104,0.35224536,0.43816867,-0.15503441,-0.13640411,-0.19243556,0.14617053,-0.19597188,0.20363699,0.053192534,-0.14909917,-0.06745943,0.9163739,-0.2615654,0.00057709723,-0.55842644,0.036589254,-0.03955034,0.28954,0.09069605,-0.18296957,0.16384228,-0.22216012,-0.21448646,0.09835206,0.042005908,-0.18624981,0.21524055,-0.3078219,0.07270254,0.15103534,-0.2640751,0.15839909,0.20920861,-0.622554,-0.3068314,0.20185818,-0.27536866,-0.1640979,-0.05134877,-0.1606112,-0.021914704,-0.36217618,-0.096241616,0.22429256,0.41049454,0.26151586,-0.529429,-0.71068627,-0.33885902,-0.17228691,-0.12936702,0.019840097,-0.050006457,-0.34484985,0.4114963,0.2092943,-0.20189138,-0.064083844,0.8882564,0.32678345,0.06280363,-0.52350336,-0.49450102,-0.11524364,-0.0021849778,-0.12782626,0.07321716,0.29974794,-0.2047897,-0.33314633,-1.1891154,0.33083823,0.33482483
0.29637694,-0.4718546,0.18627945,0.3875256,0.20710312,-0.12917782,-0.0061842436,1.0031953,0.2905956,0.23969617,0.22221224,-0.3563562,0.07381839,0.1647343,-0.14734943,0.16241035,0.18767662,0.2956931,0.0076289023,0.35780892,0.1623224,-0.49043763,-0.5336483,0.37313995,0.03800166,0.21005698,0.048731193,0.029537765,-0.63808525,0.118047856,0.43356082,0.6073749,0.18081613,-0.2383523,-0.117666185,-0.57692444,0.032888476,-0.23810783,-0.6993531,0.21068174,-0.16485274,-0.1313877,0.75777817,-0.10859646,-0.21324353,0.48563832,0.09934801,-0.29027718,-0.21330814,-0.22706932,0.010732064,0.0072624893,-0.08123821,-0.1415657,0.25664175,0.8641949,0.0711457,-0.352662,0.10810751,0.50562704,0.0067188763,-0.23085669,0.34073815,-0.1719775,-0.073784515,-0.25750396,0.41023093,0.64718294,-0.31362292,0.07524352,-0.12626037,0.32897583,0.14597806,-0.39809883,-0.20916069,0.32054198,0.17587656,0.4474842,-0.051238786,0.2800121,-0.39655143,0.2824196,-0.0403734,-0.1511395,0.27950177,0.51218665,-0.35715815,-0.23881032,-0.16808347,0.4899593,-0.4252441,-0.16051872,0.3390312,0.27364957,0.19823833,-0.17486618,-0.16114421,-0.28693014,-0.010040079,0.1406266,0.35964653,-0.57261944,-0.17619462,0.061886996,0.20020893,-0.054213513,-0.35952,0.2309504,0.10854502,-0.16815308,-0.2786139,0.26247588,-0.050434243,-0.3898611,-0.34649035,0.055769388,-0.17654963,-0.21434443,0.33299124,0.16047166,-0.17964906,0.6658657,-0.20517689,-0.1322227,0.17108065,0.25552955,0.16697067,-0.41527122,0.18668878,0.0016355594,0.58119124,0.58197385,0.5401588,-0.28813517,0.0905976,-0.23779447,0.24606134,-0.09663414,-0.31306386,-0.6609652,-0.008389163,0.08359499,-0.051763028,0.03767215,-0.1290597,0.14689098,0.35542464,-0.5143877,-0.3090297,-0.015032121,-0.24368857,-0.1536643,-0.33627018,-0.1985558,-0.17899853,-0.2324533,-0.6240655,-0.0048525766,0.29052153,0.070934854,0.22049817,0.35502988,-0.20333828,0.3380785,0.14931767,-0.30185595,-0.27486643,0.49371827,-0.17695656,-0.07369586,-0.17629509,-0.32428125,0.20655122,0.36321017,0.51955354,0.02465914,-0.0723114,-0.18128656,0.22637926,0.24654189,-0.31171635,0.1895257,0.2880757,0.32094017,0.28185764,0.44487053,0.56592786,0.5341104,0.6444564,0.17760064,-0.24359351,-0.29782733,-0.23279883,-0.6208741,0.010111705,0.015140584,0.03803288,-0.053431615,-0.068258636,-0.026513945,-0.1437347,-0.15948763,0.21724488,-0.21751188,0.23055656,0.38042963,-0.12696739,0.18191397,0.26611686,0.25731015,-0.2938134,0.36320943,-0.15717484,-0.06997066,0.25422707,0.5652444,-0.2786678,-0.29426146,0.20256896,0.009170473,0.16672191,-0.015098141,-0.5305703,0.032939576,-0.465657,0.7041727,0.06673965,-0.2923983,0.35530785,-0.062188886,-0.1418437,0.015259965,-0.062290475,-0.102550715,0.09841295,-0.032624483,-0.24502252,-0.65606827,-0.19708566,0.2844198,0.06835104,0.28529394,0.17327712,0.10552879,0.032968353,0.53595734,-0.100567445,-0.39478517,0.008379847,-0.3257854,0.017882135,-0.5280875,-0.26711214,-0.6507766,0.24193363,-0.41480818,-0.35020107,0.3951608,-0.070962556,-0.114302844,0.3564047,0.08390283,-0.18332766,0.27225485,0.234613,-0.31004938,0.30352145,-0.06697992,0.11295506,0.07336735,0.080297306,-0.29989114,-0.19781698,0.8588514,0.03131604,-0.18360555,-0.19538166,0.14854366,0.40420577,-0.19190244,0.0060092164,0.1719754,-0.72295576,-0.10242949,-0.41184232,-0.2917597,-0.060207177,0.2447825,-0.29636303,-0.3890343,-0.097506136,0.0088529615,-0.5014947,-0.3554541,0.5855578,-0.067518644,0.041792456,0.36658752,-0.43299896,-0.3249271,-0.016073177,-0.13022923,0.124489345,-0.04579598,0.020935921,-0.2957722,-0.3127838,-0.3875489,-9.935587,-0.1438846,-0.12785466,-0.12542954,0.07373421,-0.09811725,-0.40142572,-0.017762974,0.1985488,-0.012027719,0.051166024,-0.17463455,-0.23443162,-0.099514276,0.10737804,-0.16449624,0.41229016,0.27588865,-0.15088584,0.18409675,-0.19535369,-0.5570645,0.4981375,-0.057369776,0.0019088588,0.9143352,-0.096841,0.31884593,0.11699823,-0.01453188,-0.233693,0.008808336,-0.33528027,1.0926608,0.09481426,0.404485,-0.09074164,-0.27079493,0.040330857,-0.2874476,0.4178051,-0.1913776,-0.19700398,0.30155694,1.0566208,-0.31212506,-0.023906657,0.0015059417,-0.20279688,-0.20372754,0.05914683,-0.49290925,-0.19309808,-0.2121914,0.10214922,-0.6924196,-0.32659322,0.6831692,-0.15036958,-0.48358977,-0.003084449,-0.56936264,-0.07971591,-0.17413105,-0.5501017,0.08498445,-0.15810111,-0.39265078,-0.20314616,0.122169055,-0.3492026,0.17040223,-0.06197472,-1.572889,-0.5240874,0.08580784,-0.041019205,0.16004188,-0.40173772,-0.2795531,-0.48030907,-0.047609955,-0.07584853,-0.35998756,-0.46033305,-0.50898325,-0.42284787,-0.4420994,-0.41753304,-0.3024105,0.4104366,0.18363245,0.16130285,0.21408845,-0.014106699,-0.116929114,0.4150532,-0.689337,-0.27003422,0.18540841,0.3806631,0.12474027,0.3723288,0.20796381,-0.11139543,-0.19766787,-0.0126494,-0.1787757,-0.12666923,0.22852747,-0.12961161,-0.52132463,0.2641175,0.12494423,-0.58569545,0.058035016,0.7524706,-0.44328058,-0.16238248,-0.2903516,0.06852189,0.009696926,-0.15287192,-0.73396957,0.15332595,-0.55464834,0.12179185,0.16660969,-0.42578122,-0.09496372,-0.05660789,-0.26210383,-0.061211266,0.20939125,0.08763776,-0.31659248,-0.14278029,-0.61797875,0.36409226,0.26486543,-0.044695616,-0.026273232,0.22224388,0.3653386,-0.24588253,0.20625627,0.34678292,0.17467529,0.05271761,0.22458349,-1.1323816,-1.0255425,0.2829931,0.36373016,-0.13776936,0.29122677,0.82507014,-0.343468,-0.23545879,-0.4458783,0.120833024,-0.11720246,0.4243524,0.7723079,-0.050665703,0.2634633,-0.19607,0.19024612,0.18104285,0.34589946,-0.43978179,0.47059512,0.3441086,0.11886004,0.3613945,0.297265,0.20458384,-0.2802112,-0.15955688,0.078412555,-0.020809943,-0.107375205,-0.19881311,-0.15416808,1.0080912,0.016821988,-0.19290476,0.34492463,-0.060226902,0.22585626,-0.44610482,0.24259916,-0.11194182,-0.007324155,-0.19176121,-0.64222395,0.3152294,-0.41299626,-0.2012427,0.517101,-0.13691692,-0.045226865,-0.46618217,0.2914503,-0.15092783,0.19570841,0.28241754,0.14245784,0.3102386,-0.091021344,-0.28408504,-0.16606526,-0.14567858,-0.5590376,-0.1789255,0.21608405,-0.11488493,-0.5264263,-0.34144098,0.10118147,0.062119607,0.3489037,0.12632886,0.24514782,-0.41793853,-0.3023079,0.7511641,0.23143658,-0.46565098,-0.124175616,0.10071592,-1.2830374,0.5131127,-0.2919804,-0.1525996,0.059772734,-0.051769566,-0.46363378,0.355942,-0.17953667,-0.78489137,-0.48812667,-0.029132523,0.33122027,-0.39578557,0.11354715,-0.2548297,0.13707447,-0.010038716,0.25428683,0.0053700632,0.104090124,-0.07848685,0.28118294,-0.17774448,-0.5558514,-0.18049906,0.15567333,0.0040044663,0.38890496,-0.17774935,-0.0037694254,-0.0025189032,0.26421168,-0.11257794,-0.10036158,-0.30351287,0.088234894,-0.26439315,-0.4531001,-0.08500659,-0.47775093,0.56392175,0.41202492,-0.19038819,-0.34776363,-0.3104204,-0.74598145,0.1980811,0.12353201,-0.49334145,-0.0053427406,0.32112437,0.16832748,-0.10607461,-0.1601861,-0.90792334,0.33008778,-0.13151838,0.13255736,0.07113939,0.38565713,-0.10425746,-0.010469949,-0.09978941,0.0377709,0.38108963,-0.12708256,-0.12007921,0.21196952,0.07986285,-0.116241395,0.5745496,0.38723275,0.1598104,0.066419855,0.24991304,-0.313951,0.40499392,-0.4244242,0.0056792675,-0.6165018,0.38593784,0.17705071,-0.1472641,-0.17930646,-0.4463135,-0.52885705,-0.9433729,0.10694992,0.36066562,0.15805961,0.8106251,0.11987254,0.041061807,0.34572342,-0.121446446,-0.2532657,0.18571255,0.081606895,-0.046937913,0.005687018,-0.3840994,0.0753866,-0.39280742,-0.044496227,0.07231427,-0.6577434,-0.18121448,-0.0060540605,-0.22050138,-0.015289244,0.1859193,0.7040245,-0.08037733,0.036517113,-0.07857298,-0.34935,0.6698309,-0.021161104,-0.3684262,0.33100483,0.07294474,0.32041103,0.1705304,0.15395449,-0.35542047,0.41370595,-0.18638054,0.5564402,0.39932275,0.013470184,-0.5727966,0.11069124,0.28077954,0.3501173,0.7321876,-0.17918389,0.36732352,0.08020262,0.58179164,0.1751686,0.3484982,-0.101546876,-0.16547455,0.3744632,-0.09786513,0.033064052,-0.48740566,-0.1818821,0.008525129,-0.061240517,-0.33156735,-0.111936495,0.48293868,-0.32709247,-0.06816703,-0.32706696,0.5605019,-0.30465218,-0.25873756,-0.23508336,0.16709904,0.014827559,-0.28800493,0.025121862,0.35231933,-0.12848344,0.13843723,-0.07925989,-0.13942057,-0.09724477,0.26159495,0.7337891,-0.35158542,0.14368707,-0.13406408,0.55835825,-0.2825085,-0.33008897,-0.15654589,0.61524844,-0.073977925,0.034319658,0.2223847,0.13540062,0.5693818,-0.3258734,-0.179823,-0.059159994,-0.34469867,-0.46785003,-0.31228948,0.1346755,0.01787253,-0.57851595,-0.28137803,0.1267519,-0.23420352,0.22410569,-0.4780948,0.27455205,0.32853538,-0.4328953,-0.2868652,-0.14638601,-0.063219935,-0.41672882,0.27998656,0.5240243,-0.306164,-0.10455687,-0.36205852,-0.47586805,-0.17406482,0.19015962,0.20347151,-0.6003748,-0.4328055,-0.5477885,-0.114157744,-0.077737354,0.04700242,-0.34748435,-0.28260395,0.11698695,-0.45882782,-0.74716157,0.040127214,0.068078086
0.18273287,0.17172268,0.11607051,0.05819016,-0.107965685,-0.11066454,0.101243846,0.7478682,-0.12809296,0.2297421,0.2503753,-0.5426322,-0.02924181,0.8058436,-0.39721867,0.30321828,-0.17864817,0.13169032,0.13777348,0.35344794,0.24314187,0.74377465,-0.46168277,-0.20976637,0.25191602,0.4237682,-0.10484048,-0.4872427,-0.29013905,0.102122925,0.26800448,0.28111777,-0.3134517,-0.574024,-0.0806195,-0.35251853,0.0031016935,-0.40963477,-0.4203636,-0.29648226,-0.71060145,-0.2847886,0.15149598,-0.35632938,-0.000747966,0.14439204,0.16185933,-0.307076,-0.06447503,-0.23535594,-0.45604736,0.01747502,-0.06067146,-0.50490564,0.4305731,0.20870781,0.08481481,-0.55695975,-0.17895004,0.22513385,-0.14655094,-0.21511728,0.08399295,-0.23463966,0.2152216,-0.17931457,-0.034220822,0.02813729,-0.4123101,-0.16310991,-0.16642159,-0.3205912,0.6444743,0.07247838,-0.043006416,0.19928294,-0.23959923,0.6958239,0.042698454,0.052534115,-0.37204072,0.68711144,-0.1051761,-0.093817435,0.2980059,-0.09464239,0.102808125,0.1034521,-0.47668126,0.47111678,-0.19754063,-0.2514439,0.025081582,0.078519374,0.18339819,-0.6147689,-0.3454171,0.33137435,-0.06327084,0.12799762,0.6251194,-0.90295076,-0.061672054,-0.5705804,-0.54574126,-0.26067615,0.15055133,0.28081432,0.17782816,-0.47612908,-0.15128192,-0.4121295,-0.24263316,-0.036266543,0.08542425,0.30453095,-0.26866907,-0.06345428,0.06286563,-0.089652576,-0.114014246,-0.4457828,0.40337285,0.13560008,0.25727987,0.36295426,-0.60150474,-0.016211228,-0.19913836,0.48795295,0.008450549,0.40504718,0.48701352,-0.7776448,-0.10294101,0.0929686,-0.24783555,-0.11988387,-0.49914733,-0.091064885,-0.2751288,0.092856914,-0.37081748,0.38001472,0.016948564,-0.25148767,-0.15863398,-0.0251403,0.14572999,-0.011677809,-0.0171309,0.42284384,-0.2887429,-0.16341619,0.08201242,-0.28708974,-0.31704322,0.34316245,0.33206612,0.31415746,-0.020601375,-0.24712858,-0.09092802,0.8167694,0.20935293,0.14201128,-0.025003936,0.531035,-0.0877572,-0.22551185,0.16856566,-0.36386853,0.5986375,-0.09947507,0.40595782,-0.0357342,0.4125617,0.07852564,0.47607982,0.13972864,-0.46537519,0.31387925,0.04749684,0.14760059,0.06121015,0.31774083,0.22652252,-0.32891342,0.14133734,0.054956783,-0.1516204,0.2745566,0.035601992,-0.48227993,-0.20194067,-0.6413801,-0.37657893,-0.23442365,-0.085623294,0.3846472,0.06175528,-0.11641609,-0.29127336,-0.0828763,0.13806646,0.64276284,-0.3804199,-0.16036476,-0.23206118,-0.17799929,0.09455511,0.76069915,-0.06558142,0.029821152,-0.16434926,-0.41294903,0.5166169,-0.28314942,-0.30564108,-0.03027121,0.01775751,-0.48761594,-0.07327241,0.13774526,-0.23449154,0.9841288,0.5069216,-0.29578897,0.20054804,0.20710109,0.031300314,0.61547863,-0.6386286,-0.1006698,-0.015917117,0.22983065,0.2198201,0.24699663,-0.035192214,0.108054854,-0.35298583,0.40758634,0.3698356,0.44090554,0.22265205,0.59851366,-0.084488265,-0.92037314,-0.45602825,0.1001999,-0.14405292,-0.39775294,-0.8117759,0.18929075,-0.20623645,0.08434401,-0.40871227,-0.3687321,0.11944745,-0.21259049,0.12767279,-0.30496493,-0.14079249,-0.31320116,-0.61155707,-0.26768512,-0.27271634,0.036624882,0.23365578,0.25778833,-0.279214,0.12697488,0.016570639,0.6913416,-0.044067968,-0.34272414,0.27149734,0.19899659,-0.045422327,-0.11853823,-0.08704256,0.32203555,-0.41265962,0.2159473,0.41647965,-0.31289178,0.4901013,0.5708522,-0.13287573,-0.313825,-0.28003612,-0.007947664,0.08913976,-0.35523713,0.63707864,-0.034220587,0.27693507,-0.09634947,-0.25727373,-0.09910147,0.1301094,-0.3748918,0.19832931,0.30322167,-0.47596252,0.2562763,-0.36090088,-0.17142385,-9.086619,-0.038295973,-0.25736955,0.052943315,0.5767139,-0.21414983,-0.08926552,-0.14413911,-0.37331945,-0.60680246,-0.12293971,-0.27949,0.4829522,-0.063828506,-0.21817508,-0.71293527,0.03852224,-0.18906614,-0.045940265,0.65931433,-0.21738712,-0.28981143,0.59657896,0.16497335,0.044809528,0.8037357,0.080643594,-0.16837224,0.14801301,0.23468922,-0.68136,-0.08377239,-0.06416985,0.44683978,-0.33001193,0.15415138,-0.43900612,-0.5537683,-0.056136325,0.3260115,-0.1186425,-0.24537113,0.32451412,0.041162692,0.46513665,-0.19021942,0.21400934,-0.41670564,0.13080837,0.5083183,-0.09778979,-0.31614715,-0.32163915,-0.2150071,0.18119432,0.29142874,0.20068538,0.54492307,0.18759903,-0.6881245,-0.36642808,-0.03737105,-1.066947,-0.06692223,-0.15957956,-0.0011755953,-0.36686313,0.55092174,0.27361894,-0.03248076,-0.007987117,-0.3190142,0.11120043,-1.4533235,-0.1511275,0.054667443,-0.14406525,-0.13677818,-0.20983694,-0.2894985,-0.556016,-0.22398433,-0.083843715,0.23460704,-0.34346583,-0.61357,0.07274668,0.2662903,-0.04126718,0.21040362,0.3831987,0.47393572,-0.053873345,0.38584602,0.05444517,0.220718,0.48974645,-0.17823732,-0.45576355,-0.21478695,0.20361301,0.10632504,0.010574372,0.2715342,0.24474663,-0.29080135,-0.6918985,0.0403229,-0.2554808,0.06277484,0.26367423,-0.040524103,-0.16537207,-0.14774433,-0.46938923,-0.728619,-0.031479415,0.6908365,0.025175245,-0.51014024,-0.16095518,0.5679929,-0.3091752,-0.47496745,-0.6072733,0.3780174,0.18447503,0.028648915,-0.05755753,-0.07200497,-0.2650747,-0.12597394,0.13735595,0.12383137,-0.22991535,0.21319975,-0.2671382,-0.16773817,0.068124264,-0.15817682,0.31644565,0.272236,-0.10407267,0.33943662,-0.059778098,-0.16193955,0.1963984,0.058609616,0.057637926,0.25502178,0.16309196,-0.4596837,0.090532176,-0.2034774,0.1865105,0.3299625,-0.17379177,-0.26923767,-0.28853577,-0.67087793,-0.07521233,0.06351009,-0.20096675,0.3509304,0.2164665,-0.26913825,-0.04657559,0.39765388,0.07556498,0.23747683,0.0721328,0.3069933,0.21799226,0.4798952,0.084832154,0.5899511,0.011139507,0.12632403,0.27244195,0.039443415,0.1473934,0.1282267,0.027522264,-0.7321328,0.38781795,0.09565313,0.14702825,-0.19743648,0.11263186,-0.095008396,-0.46332255,0.14860304,0.11253575,-0.38625905,-0.3153825,-0.52306914,0.11541325,-0.32472014,0.17041793,0.4243308,0.3023434,-0.1377949,-0.14863339,0.038909227,-0.16556107,0.14613333,0.25710583,0.44410878,0.17218849,0.24103564,-0.4295947,-0.24849671,0.10210976,-0.105958745,-0.18654679,-0.4493536,0.099060036,-0.4127543,-0.6456024,0.33246216,-0.16419798,-0.17701961,0.13647017,0.22750832,-0.5876556,-0.008946018,0.08944381,-0.35301027,0.22373651,-0.003213147,0.030580094,-0.7844261,0.0825918,-0.215059,-0.62443924,0.011723573,0.31825536,-0.18751922,-0.15266128,0.09586357,-0.7201159,-0.56648874,-0.30834267,0.07809245,-0.06428934,0.004966949,-0.2994492,-0.08768372,-0.8729946,0.07255487,0.05360469,-0.26517212,-0.03950714,-0.22789024,0.035354864,-0.23552096,-0.55643356,0.24006651,0.20086761,-0.03521389,0.062098283,0.08729004,0.013641186,0.20812897,0.18685219,0.12015203,0.26210788,0.5759075,0.20893027,-0.22772147,-0.2589122,-0.2961771,0.27790233,-0.06906342,0.43225247,0.021155927,-0.35978603,-0.59734994,0.25527498,-0.14375632,0.39909694,-0.06695977,-0.0020210403,0.27996844,0.13523503,-0.6516631,-0.099750586,0.5079067,0.2855782,0.005389365,-0.16122471,0.17588958,-0.22728845,-0.28082165,0.09547445,-0.46143705,0.32070664,-0.033153724,0.44575363,-0.528605,-0.3080415,-0.92682976,0.14698687,0.1048036,-0.33048573,0.6117129,-0.11006646,-0.17168552,-0.17787983,0.051337264,-0.27494183,-0.27064338,0.77910024,0.20204505,0.40283906,0.054224897,-0.44543305,-0.6006463,-0.1617416,0.1516971,-0.17873968,-0.15276073,0.6372004,0.1293137,-0.4838623,0.5960055,-0.048400033,-0.060720697,0.24079405,0.167522,0.022650274,0.24206175,0.1565627,0.15755095,-0.5333394,-0.15336835,0.21242768,-0.14966421,0.74177325,0.09502428,-0.4768565,0.05853352,0.1892566,0.25527218,-0.10561314,0.006172116,-0.07484682,0.018072246,0.6994173,0.66294205,-0.41548032,-0.017699622,-0.113417186,-0.38866735,0.54260916,-0.01816192,0.2931767,0.1736557,0.12279006,0.490071,0.18405378,0.14783183,0.23598978,-0.25038895,0.18198018,0.33427823,-0.10579805,-0.08883773,0.41705674,0.19181791,-0.11299816,0.17873465,0.7227266,0.09558602,-0.20487458,0.17470351,-0.47956342,-0.022015613,-0.28127646,0.029052716,0.16908967,0.009264001,-0.5241465,0.034058973,0.07651727,-0.34150818,0.18024576,-0.26694793,-0.008798443,0.16373695,-0.00963653,0.16474304,-0.38940156,-0.37332454,0.4297567,-0.23255886,0.043987203,-0.10321137,0.30156252,-0.36165428,0.2837986,0.011028999,0.15514937,0.19763702,-0.3699713,-0.049231872,0.024761163,0.6406605,-0.36723605,-0.47163558,0.008873913,0.48807204,-0.061677486,0.10548633,-0.033499375,-0.06721168,-0.108835176,-0.47458312,-0.1060358,0.12457065,-0.6428735,-0.45372432,-0.35239312,0.02367334,0.21723217,-1.0362957,0.4798019,0.37583202,-0.048173916,-0.49390548,-0.15486321,-0.10159272,0.17612913,-0.01828853,-0.48540145,0.037789162,-0.4047335,-0.3389074,-0.044499993,-0.41014463,-0.05793412,0.13450865,-0.056443363,-0.26993307,-0.2857804,0.080813885,-0.001938978,-0.15619473,0.11798985,0.12119817,0.008638598,-0.25707316,0.41049203,0.2571934,0.35806838,-0.038026217,-0.16832323,0.0970081,0.25025514,0.4494085
0.009413855,-0.31731004,0.6317187,0.10973494,0.32636124,0.10997248,-0.1996728,0.27393547,-0.12060648,-0.12284225,0.35503778,-0.30914944,0.11755435,0.1979642,-0.19237788,0.5205378,0.022727555,0.24890156,-0.06057375,0.21389306,0.28060287,-0.13525298,-0.3783556,-0.13089803,-0.265141,0.10622634,-0.01349252,0.49915195,-0.4233132,0.09274024,0.23161182,0.3982193,0.19643494,0.04681533,0.062242437,-0.74797946,-0.0034604848,-0.34348232,0.024271887,0.41014355,-0.5417596,-0.26824343,0.502956,-0.30272698,0.036879398,0.15446624,-0.22990444,-0.117703095,-0.040640213,-0.39590484,-0.47752434,-0.12766273,-0.6111125,-0.07984208,-0.35483974,0.6344391,0.5105264,-0.56595564,0.050355323,0.10680853,-0.5195806,-0.31454474,-0.27178726,-0.18623737,-0.32831076,-0.5007416,0.23224306,0.11744647,-0.32613188,0.409854,0.5041965,0.17533733,-0.1660471,-0.06698723,0.023356818,0.26386636,-0.4461339,0.25686416,-0.17861693,-0.41751036,-0.16912672,0.17276417,0.38153985,-0.06268306,0.11633985,0.87436473,0.41063038,-0.22034176,-0.39511243,0.6959359,-0.10889971,-0.4813141,0.09297727,0.100154184,0.6540327,-0.31103367,-0.4712069,0.1653051,-0.027020324,0.06463766,0.66561735,-0.49430442,0.3408705,0.2973251,-0.16226366,-0.043497022,-0.34969282,0.4220078,-0.037945546,0.48090583,0.1862931,0.11537616,0.21193592,-0.3941901,-0.32271582,-0.21402042,-0.27016026,0.03153967,0.1437898,0.30743033,-0.15083304,0.31532672,0.26875848,0.46446806,0.4563797,0.6734098,0.21242237,-0.010786386,0.44810408,0.27522382,0.14038311,0.3216723,0.29126963,-0.04939758,0.16229267,0.19288501,0.13699451,-0.28799176,-0.12072035,-0.4505716,-0.11967828,-0.08528072,0.37858078,0.48725095,0.546521,-0.20184943,-0.09276744,-0.13730982,0.043011684,-0.04500947,-0.12533653,0.35888898,-0.5094434,-0.16415164,-0.12883678,0.0852032,-0.6384386,-0.31520543,-0.08336113,0.17453146,0.11244395,-0.2443407,-0.43314767,0.09314408,0.24619584,-0.2251263,0.023207268,0.75619566,-0.42307553,0.12067284,0.6134619,-0.35691306,0.10790102,0.187888,0.4304443,0.30406672,-0.3420708,0.2807281,-0.1402124,0.6060996,-0.5052487,0.19233102,0.27799168,-0.47052202,0.04635238,-0.15362202,0.6223662,-0.5282715,0.3054673,-0.3377166,-0.29643482,-0.46911392,-0.10066249,-0.25483212,0.23776856,-0.32880813,0.1273454,-0.38711214,0.16726908,-0.12717049,0.11058086,0.4907291,0.35890833,-0.007689476,-0.13473089,0.09313544,-0.31400877,0.07282524,-0.57990974,0.22681372,-0.04736245,0.63745624,-0.2719937,0.28187853,0.084429696,0.4240004,-0.3135018,-0.48999047,0.20999157,0.08146656,-0.058486532,-0.2244715,-0.23873982,0.19961397,-0.3665826,1.1739888,0.28674543,-0.41413808,0.49304414,0.052408975,0.18614694,-0.21179159,0.1817275,-0.32365304,-0.5120295,-0.023287436,0.14914563,-0.17421804,0.19929345,0.012524771,-0.38159692,0.27263674,0.8464858,-0.1513299,0.12074683,-0.09190952,-0.087892845,-0.65945685,-0.13548693,-0.20096728,-0.16305736,0.10115993,-0.3672004,-0.39757064,0.3018006,-0.090513654,0.23063233,-0.4048575,-0.1641577,-0.040287644,0.48047018,0.5162777,0.33065426,0.12344603,-0.23452643,-0.38078898,-0.18387112,0.32012925,0.37565666,0.35738787,-0.6053017,-0.45304376,-0.13116908,0.18508749,-0.2759623,-0.052764975,0.35271487,0.1570259,0.21746042,-0.43784922,-0.008857478,0.36531934,0.2109259,0.1904498,-0.20378546,-0.18757859,0.766822,-0.1505696,-0.16032259,-0.37196878,-0.2823621,0.18491322,-0.32961306,-0.35078245,0.7531553,0.1862767,-0.0475453,-0.030057093,-0.3357793,-0.6938494,-0.25899705,-0.1767824,0.42038473,-0.3423484,-0.23284784,-0.021104714,-0.5579215,-0.45447177,-10.511472,-0.23739488,-0.044894397,0.026453916,0.0023973724,-0.48899573,-0.34623566,-0.04520069,-0.15262473,0.25556368,0.0006123469,-0.06656014,0.09278573,-0.29688272,-0.11351643,0.12211235,0.65426594,-0.0045663835,-0.2244626,0.42965323,-0.09749454,-0.6132301,0.5740458,-0.24126573,-0.055315048,0.107713625,0.053486425,-0.06117217,-0.07814198,-0.21485305,-0.21099588,0.0777094,-0.08962887,1.7560952,0.014293131,-0.12926255,0.053380646,-0.65298927,0.2818912,0.18310241,0.48996168,-0.0149419885,0.018096585,0.2695639,0.91367304,-0.5474294,0.40591407,0.36606345,0.2113683,-0.2213463,-0.14188729,-0.4842356,-0.057999156,-0.18849108,-0.17764403,-0.08528636,0.23005664,0.7216713,0.20892723,-0.42328635,0.13295917,-0.42014423,-0.58823526,0.031182786,-0.25952548,0.19765212,-0.6817961,-0.6359866,-0.2989213,0.039313775,-0.46551698,0.08218454,0.095067285,-1.6223927,-0.50062436,-0.13268842,-0.052226335,0.17931809,-0.21787854,0.038214102,-0.30814415,-0.6167926,0.29377416,-0.10265019,-0.7544377,-0.47056666,-0.11376061,-0.26400617,-0.04481731,0.28625375,0.5014677,-0.1743302,-0.007686914,0.0046168244,-0.122712016,-0.1103335,0.90536803,-0.57728463,0.32510635,-0.17532352,0.18776461,0.2434905,0.106689855,-0.091782436,-0.26033324,0.063626476,-0.16651465,0.15239574,0.27523786,0.21365932,-0.2542731,-0.15541175,0.025864104,0.15689108,0.12104378,-0.049916815,-0.15702754,-0.03324569,0.15320168,-0.24608834,-0.020969499,0.1431891,-0.38243866,-0.7921792,-0.28731242,0.06399442,-0.3418098,0.0024187888,-0.8314355,-0.44101375,-0.26461405,-0.14212982,0.09034394,0.22798927,0.13956687,-0.35176986,-0.19747213,0.016636858,-0.07540526,-0.12840274,0.25988656,0.30801123,0.43788034,0.11181539,0.11449225,-0.3190536,-0.21722445,0.18812814,0.057656694,0.025582919,-0.4634162,-0.8356183,-0.2669521,-0.13125314,-0.15770529,-0.18538477,-0.2766901,-0.42448497,-0.17917918,-0.5852472,0.49733812,0.28153685,-0.19582213,0.23802562,-0.30437607,-0.033720404,0.2893614,0.17128769,-0.06009087,-0.26034728,-0.23743396,0.3544236,-0.10208303,-0.16380851,0.15856469,0.50422484,0.44642082,-0.31586185,-0.39125794,0.50709355,0.19250016,0.19355457,-0.2290384,-0.043507986,0.5172891,0.062056214,-0.31781104,-0.029882785,0.48656273,0.5887829,0.0071010524,0.5369923,-0.28484562,-0.23416562,-0.14613396,-0.26332107,0.3212183,-0.005066021,0.20322087,0.048038036,-0.31383038,0.3994985,0.07684757,0.22223814,0.029840779,0.2518234,0.31392816,0.90902025,-0.3791335,-0.16522679,-0.117314324,-0.02247112,-0.52132696,-0.57926154,0.25746557,0.09270751,-0.35247803,-0.5717311,-0.49783415,0.046031054,-0.06691764,-0.06873937,-0.11327644,0.14910176,0.1947662,-0.23231116,0.28586197,0.14218217,-0.027207648,-0.12025006,-0.14596924,-1.4445192,0.14866169,0.2071433,0.14329155,-0.064955875,-0.6509632,0.02509937,0.27836195,-0.42400438,-0.01566262,-0.71330565,-0.20018443,-0.3123931,-0.60485065,-0.222416,-0.23540816,-0.077243045,-0.5634809,0.44303113,0.0103041995,-0.19121,-0.16827546,-0.8047093,0.28712863,-0.70752794,-0.12464837,-0.18784714,-0.24545197,0.7408663,-0.47643018,-0.08478481,-0.12289183,0.3087236,0.054640632,0.3381825,0.27518314,-0.0676026,-0.11172365,-0.061367948,0.09895249,-0.31302828,0.11710225,-0.056234974,-0.48540425,-0.3561165,-0.78083074,-0.013182987,-0.07181422,0.19243282,-0.42079735,-0.39986366,0.6146762,0.37393582,-0.40423036,0.16766073,-0.3336383,-0.075955376,-0.07415305,0.312326,0.29045653,0.27438116,-0.27429244,0.17402135,-0.014219547,0.20511034,0.37920874,-0.12877414,-0.2590363,0.04983916,0.64293414,-0.03402014,0.6423203,0.17253834,0.16507988,-0.044087473,0.010771784,-0.39379042,-0.112225756,-0.29303998,0.14849111,0.04735471,0.40388927,0.58338636,0.16328469,-0.30378416,0.045309123,0.35206005,-0.09075485,0.2318844,-0.12598881,0.19762297,0.37093842,-0.26252502,-0.32883522,0.39543146,-0.22477484,-0.17922139,0.14521311,0.7687791,0.1103039,0.36743,-0.40453854,0.062027663,0.066001855,-0.26922593,-0.10530218,0.058614694,-0.24528177,-0.11418407,0.2402769,0.15561825,-0.124475196,-0.038755856,-0.2495883,-0.0609229,-0.12622872,0.05510499,0.21856117,0.5184537,0.2822449,-0.21129918,-0.066379875,0.12271611,0.17918555,0.09279444,0.09741152,0.16911751,0.0714254,0.8790595,0.04702566,0.17713825,0.29916745,-1.2232665,0.11275971,-0.073295765,0.17438215,0.09661052,0.0722663,-0.06343846,0.01592098,0.3136858,0.3155409,-0.19766402,0.1265203,0.34229922,-0.1942351,-0.14111987,-0.44697338,0.50653356,-0.4492128,-0.21750438,-0.36376268,-0.31528252,-0.41176492,-0.16564642,-0.2811709,0.3507798,0.21326175,-0.46154827,-0.21847129,0.026813328,0.27292886,-0.3367614,-0.0921704,-0.44602734,0.093318835,0.013853553,0.23004015,0.053370446,-0.041030213,-0.26153857,-0.25324923,-0.04768287,0.19454446,0.17407659,-0.2790853,0.5828906,-0.7083954,-0.40786117,0.011873426,-0.022321403,0.02768541,-0.35797173,0.040977646,0.19311772,0.25373572,0.007230441,-0.045287687,0.14087197,-0.41773018,-1.052713,0.3907885,-0.09527351,0.26778927,0.35825723,-0.1856171,0.25794363,0.22371471,-0.040403467,-0.26200688,0.887499,0.17713611,-0.10263397,-0.26153782,-0.005762508,-0.35913983,-0.13026749,-0.33934027,-0.030936712,-0.5613802,0.4258368,0.30260468,-0.03976637,-0.060520567,0.3260503,-0.0011535396,0.18631242,-0.24797472,-0.39503703,-0.10871426,-0.2526296,-0.1691026,0.024562323,0.09185756,0.63700235,-0.3951563,-0.61477506,0.025143426,-0.18786612
0.53007025,-0.25522795,0.024422107,-0.1333676,0.7351314,-0.39155594,-0.30649027,0.28842583,-0.17173806,0.24386843,0.1751073,-0.018201288,-0.09292807,0.4787704,0.18458912,0.66451806,-0.034727715,0.098057374,-0.27071962,0.09561171,-0.0017810236,0.09179156,0.25867438,-0.00394097,0.41606933,0.28347215,0.10379501,0.43588558,-0.32747552,0.033325497,0.36819032,0.56799585,0.058244836,-0.3021918,0.0050130887,-0.48155585,-0.254859,0.28079325,-0.11035401,-0.027038837,-0.4265772,-0.51199514,0.18314487,-0.035002097,-0.089174986,-0.012524405,-0.015880877,-0.12797387,-0.35362357,0.0308141,-0.037976995,0.1308939,-0.18498531,-0.6581336,0.022902768,0.6386692,0.081069276,-0.5166744,0.18440798,0.15244098,0.13935265,-0.1251318,0.007855467,-0.24254847,0.078175925,-0.1322364,-0.017786289,0.19370392,-0.16921812,0.51326394,0.091778256,8.13812e-06,-0.18651408,0.4074308,0.284085,-0.27772912,-0.4025958,0.735262,0.46675953,-0.18081848,0.01040472,0.1625407,-0.009091252,-0.10366123,0.25126728,0.13597283,0.08495978,0.35246015,-0.031665698,0.7059774,-0.27652076,0.29969049,0.0064622266,-0.0088084545,-0.093600705,-0.37704116,-0.36557582,-0.21998078,0.24761416,-0.092783734,0.16653036,-0.41274318,-0.08959445,0.09945277,-0.020118237,-0.077622436,-0.5860581,0.6062094,-0.33354247,0.12570785,-0.34951556,-0.15033993,0.1952675,-0.40194702,-0.2576461,-0.25725183,0.021839943,-0.34898624,0.17986415,-0.2697064,0.08357164,0.10876888,0.08648627,0.4874886,0.37899077,0.33391085,0.14489281,-0.06705679,0.5830972,0.41254205,0.4397094,0.051342953,-0.30666173,-0.5723867,-0.36565036,-0.16407256,0.030152123,-0.42223835,-0.08777701,-0.36917377,-0.30342582,0.098631494,-0.09112213,0.49064162,0.34715134,-0.18839964,-0.15460858,-0.045146912,-0.32346988,0.36240995,-0.22021689,0.15912656,-0.56357265,0.14083485,-0.36747622,0.13930017,0.0037982268,-0.042859823,0.4755617,0.16332577,0.0892344,-0.28340572,-0.01539871,0.013861508,-0.06643676,-0.28624707,0.17006595,0.07962789,-0.46919975,-0.53105,-0.22851187,-0.4593789,0.036699884,-0.20524201,0.5452372,0.17620182,-0.39850953,-0.26076072,-0.11664823,0.9054473,-0.5048866,0.33856666,0.64470756,0.27391702,0.43107432,-0.025697796,0.23770405,-0.41922456,0.6136327,-0.25418434,-0.070510134,0.14893484,-0.10365837,0.28595892,0.061970267,-0.08250815,-0.017466964,-0.23466656,0.3136167,-0.21704422,-0.02792211,0.18725759,-0.3284521,-0.1278994,-0.27510747,0.57205313,0.027250666,0.049336728,-0.38241786,-0.08490345,-0.010519339,0.11883617,0.021563068,-0.29151934,0.51145357,-0.15627849,-0.32091033,-0.1175347,0.23068886,0.3620941,0.3717379,-0.2139045,0.054399762,-0.013094831,-0.4755941,1.437736,0.2873334,-0.8152693,0.18847275,0.06371262,0.15473242,-0.5688092,0.15279864,-0.35161513,0.010284374,0.033400804,-0.53252006,-0.029900186,0.18187,0.3307942,-0.41507336,0.368263,0.2912942,0.05110397,-0.44758663,0.29804268,-0.25852776,-0.6354074,-0.240041,-0.23275132,-0.09602686,0.16526361,-0.45982036,-0.29156652,0.09200211,-0.1926946,0.19625825,-0.1941653,-0.02901239,-0.19035912,0.2506485,-0.14062835,-0.20765644,0.047886223,-0.28729427,-0.14818935,0.027910437,0.28980535,0.5817901,-0.049244743,0.094882414,-0.031365756,-0.059369866,0.72429883,0.15790427,-0.49271056,-0.048736975,0.05177058,0.08247733,-0.3734882,0.0110884495,-0.26981843,0.22445256,-0.03180585,-0.32159138,0.08781767,-0.32609788,-0.05752894,0.12819983,-0.44620308,0.12771836,0.6012541,-0.24073845,-0.19295318,0.44234762,0.16251265,-0.12935314,0.13303599,-0.31602135,-0.44124934,-0.47671115,0.36044723,0.070597075,-0.3313397,0.57928884,-0.09879388,0.23594332,-0.5930547,-9.767151,-0.73210424,-0.11746942,-0.12202432,0.5909934,-0.3990494,-0.20093979,-0.24414735,-0.28168267,0.21099995,-0.25368878,-0.529144,0.047876175,-0.6245682,-0.046726,0.47364366,0.557348,0.37920764,0.19372633,0.55610526,-0.1857026,-0.62418604,0.46841335,0.09824825,0.3309729,0.03634046,-0.07478655,0.17730582,-0.06628266,-0.33685714,-0.34850705,-0.062037896,0.013476317,1.3042854,-0.55312985,-0.46469417,-0.094127044,-0.5400388,0.05196749,0.21406795,-0.014544713,-0.11437315,-0.242063,0.23441254,0.65504515,-0.39600804,-0.018047815,0.24265349,-0.38049263,0.08825652,0.12771878,0.035205737,0.21412964,-0.543521,-0.048847944,0.14523868,-0.39817142,0.46322778,0.042003337,-0.4638466,0.017546497,0.17988244,-0.3409643,-0.11005377,0.2161437,0.46309367,-0.5496779,-0.69338745,-0.14638114,-0.44927675,-0.523889,0.15074849,0.59151983,-1.5851381,-0.8614112,-0.007894448,0.31961966,0.15613896,-0.44011948,-0.2717363,-0.6032952,-0.16988657,0.56831944,-0.057256084,-0.27068433,-0.3597407,0.09430254,0.0602464,-0.3055314,0.15426795,0.2970584,0.21753207,0.7086485,0.09713121,-0.109920226,-0.3161356,0.04838239,-0.22198614,-0.22124216,-0.29473916,-0.02514515,-0.044236943,0.30457956,-0.5077557,-0.117404334,-0.3551081,0.04779345,-0.014932137,0.02657692,-0.04146421,0.44857517,-0.39784917,-0.37659368,-0.06457714,-0.12936284,-0.41009736,0.20250197,0.5576372,-0.03270369,-0.10185623,-0.12664092,-0.046570078,-0.67331666,-0.64868945,-0.06092017,0.15747634,-0.41410926,0.2722092,-0.2297789,-0.20758243,-0.13998003,-0.14380497,0.4468983,-0.23043022,0.070787914,0.17744076,0.13741273,0.026552845,-0.37054703,0.008664292,0.23917986,0.20313472,0.4299073,0.43147236,0.47878093,-0.45355648,0.025266338,0.39139804,0.22137834,0.5945523,-0.50579756,-0.68525296,0.45075253,0.011006992,0.04790476,-0.034155466,0.67127097,-0.5376186,-0.14343148,-0.6508985,0.45552325,-0.08504962,-0.10797838,0.2898455,-0.093456574,0.5144741,-0.116385214,-0.09345902,0.7371496,0.37437093,-0.1261851,0.16593239,-0.108037926,-0.08246455,-0.15008132,0.39926654,0.22554083,-0.506561,0.051471964,0.2899535,0.037524033,0.098323405,-0.12719214,0.37790465,0.470585,-0.16188717,0.16680767,-0.3614772,0.057500504,0.511703,-0.07445233,0.78788686,0.13256863,0.101921126,0.5155763,-0.6063426,0.058245596,-0.023755532,-0.26656497,0.31929556,-0.5197651,0.14004989,0.25274765,0.320478,-0.1767247,0.15855518,0.086169176,0.67674685,0.29607376,-0.2531833,-0.095277615,-0.21023962,0.30834576,-0.3626265,0.11108725,-0.21824686,0.015184535,-0.7207178,-0.43170953,0.07382833,0.1459836,-0.0075326576,-0.022579238,-0.21473499,-0.6718978,0.08135432,0.24189343,0.17951302,-0.34242934,0.0689098,-0.29085314,-1.1902626,0.13276862,0.35645142,0.17761308,0.22453211,-0.12215283,-0.39919317,0.06813865,-0.5069036,-0.5646962,-1.0390663,0.097079135,-0.6172572,-0.1522298,0.23499888,-0.21851587,0.24571037,-0.12540917,0.41440037,0.44053966,-0.08102302,-0.24266677,-0.5235918,-0.18344122,-0.66118866,0.1400131,-0.25182858,-0.12854965,0.24355368,-0.7256761,0.09823039,-0.13791455,-0.3528282,-0.0375647,0.23666687,-0.23365676,0.40903693,-0.08791,-0.13717377,-0.068227395,-0.89121306,-0.19912165,-0.02287673,-0.4482866,-0.2598652,-0.5329975,-0.24437845,0.25824076,0.06015708,0.055761263,-0.28036088,0.24661171,0.14242305,0.35512725,-0.20954362,-0.5215699,0.5063397,-0.26934606,-0.02268909,0.13816415,-0.019032897,-0.22769037,0.010541047,-0.8911252,0.4583006,0.41516027,0.19429396,-0.4260111,0.36578646,-0.009971322,-0.15153521,0.51827705,0.3648687,-0.3033872,0.7330131,-0.19832143,-0.42252663,0.105359934,-0.2202466,-0.1697488,-0.33449143,0.58920544,0.3494825,0.13058105,-0.42896163,-0.504985,0.07718913,-0.11144456,-0.26675567,0.078266375,0.34575382,0.30047563,-0.27023333,-0.14906394,0.5114877,-0.18920599,-0.67079437,0.12194808,0.0022725903,-0.18298134,0.028710913,-0.23844828,-0.35024253,0.38761085,-0.32263398,0.039936777,-0.008345041,-0.07399049,0.1779589,0.055888325,-0.13495046,-0.3524591,0.17788444,-0.38694945,-0.17148405,0.09976026,0.16483143,0.12085169,0.5535895,-0.44225064,-0.035820518,0.29292184,-0.0023679757,0.19048794,0.21343912,-0.33771333,0.26007316,0.28661698,0.47180423,0.5814207,0.16935241,0.16169566,-0.55097854,0.16583616,0.2299699,0.080581926,-0.07994874,0.08376394,0.11164379,0.33695754,-0.5250173,0.19687328,-0.083827965,0.040442385,-0.0437055,-0.49374235,0.05725343,-0.30335084,0.28357083,-0.36101246,0.089387804,-0.28137293,-0.23959717,-0.1384238,-0.28485784,-0.28042948,-0.028181324,-0.40353942,0.07690104,-0.49130023,0.3972128,-0.1227476,0.7111914,0.010337749,-0.40096784,-0.19369191,0.062299725,0.57586235,-0.29725778,-0.06275759,-0.23124786,-0.20637023,-0.23066874,0.44468758,-0.20226437,-0.26358077,0.35026348,-0.8354312,-0.448864,-0.08508873,0.19444507,0.012834933,0.43839514,-0.11423697,0.4075407,-0.022828832,-0.13886464,-0.5226733,0.057491466,-0.30807814,-0.8225395,0.14718035,-0.03034104,-0.11658879,-0.27021283,-0.20773698,0.1971749,-0.31304514,0.25118345,0.10402573,0.20328788,0.3841464,-0.15361352,-0.46777874,0.36266953,-0.06818041,0.13476595,-0.24467266,0.07281844,-0.029043153,0.31137025,0.38948628,-0.6521156,0.28979862,0.07786601,-0.073135875,0.10337918,-0.33617836,-0.11173734,-0.14517401,0.21535732,0.55399984,0.3449279,0.3896074,0.3919509,-0.16387987,-0.44318584,0.36658528,-0.34123793
-0.011809297,-0.47147545,0.43640736,0.1463345,0.5074013,-0.30585432,-0.31831226,0.29244736,-0.08796982,-0.5308294,0.1446,-0.23397963,0.124493554,0.19793355,-0.6133681,0.7894725,-0.28525996,0.4246202,0.1359325,0.10746274,0.10207325,0.21646519,0.085297845,0.063163094,-0.2391125,0.07121663,-0.1470136,-0.08078104,-0.013119162,0.063628204,0.1476192,0.4417087,-0.004043998,-0.6420381,-0.40233245,-0.25234485,-0.61015815,0.08011005,0.008039422,0.5425343,-0.14750373,-0.54029095,0.1838248,0.06442953,0.39260882,-0.2803363,-0.16288608,-0.3731057,0.44074714,-0.6331198,-1.2292901,0.20812887,-0.32875374,-0.17367922,0.4546298,0.3885175,0.11526848,-0.5935659,0.63117427,0.20584522,-0.36044464,-0.4318495,0.10079701,0.34125474,-0.46969983,-0.6560492,0.043485824,0.87549734,-0.35348698,-0.2661867,0.060520615,0.30128914,-0.22319084,-0.085999995,0.2507781,-0.1808296,-0.29153174,0.51016444,-0.15481742,0.37648356,-0.035260554,0.12725754,0.35445565,0.039850384,0.36438525,0.1598367,0.23876536,-0.016222108,-0.6355384,0.10955271,-0.282741,-0.4839612,0.16118883,-0.09227531,0.7499156,-0.007648643,-0.4602015,0.15328795,0.059013736,0.26420113,0.6619647,-0.17744227,0.0669091,-0.36828846,-0.5800735,-0.22537842,-0.38350427,-0.3781516,0.2760929,-0.107041776,0.32015485,0.1445688,0.43810025,-0.6299997,0.2685826,-0.19844165,-0.4439145,0.4398281,0.4687825,-0.41433865,-0.59802514,0.2476569,0.3460399,0.35894218,0.40706378,0.32352546,-0.32666692,0.33610088,0.45416725,0.476125,0.40330195,-0.11895753,0.039368138,-0.1256518,-0.21176071,0.07648421,0.44295585,-0.3322142,-0.340769,-0.5111226,-0.9765227,0.09437373,-0.28248474,0.48629487,0.098073624,0.018819952,-0.7712075,0.14214742,0.15108362,0.44832447,-0.5764574,0.34610218,-0.31544286,-0.12712868,-0.08952952,-0.009648827,-0.1547319,0.48761186,0.51209146,0.063785456,-0.11021841,-0.59489906,-0.040787056,0.10833747,0.22908653,-0.6427392,-0.25437352,0.37043774,0.4496701,-0.23039982,0.37898102,-0.958753,-0.20431918,0.26988855,0.24668509,0.38472244,-0.09953234,-0.21342671,-0.05381691,1.1944149,-0.4223874,0.23134023,0.4619457,-0.38148487,0.024572015,0.5839602,0.10036778,-0.4481921,0.3282484,0.5764989,-0.53723615,-0.47301537,0.11806461,-0.38463107,0.23704456,-0.23306307,-0.2984133,-0.0052660955,0.37637272,-0.32349163,-0.16619042,0.077960394,0.32344237,-0.19015665,-0.6212325,0.60217214,-0.3277105,-0.44993702,-0.83860415,-0.40441522,0.0613543,0.30315512,0.14275107,0.14039545,-0.13471776,-0.08777735,-0.38669673,-0.36943504,0.4030142,-0.30519074,-0.0767368,-0.60292983,-0.40407217,0.31977174,-0.4467794,1.6175343,0.33954254,-0.48487222,0.74660355,0.14706841,-0.33550715,-0.35346663,-0.04532203,-0.6782474,0.27689964,0.67081213,0.22524811,-0.17688034,0.040082607,0.06452227,-0.46583328,0.38741505,0.6216961,-0.38911095,-0.15168875,0.48016822,0.056768008,-0.021870025,-0.17493989,-0.13391772,-0.04375178,0.6003292,0.22500125,-0.24289541,0.05735946,-0.7030463,0.246143,-0.16148834,-0.41592145,0.1911905,0.2935446,-0.3519392,0.5595878,0.2041108,0.49866408,-0.41101566,0.2202865,0.23143248,0.44269598,-0.05276702,-0.4460347,-0.28106397,0.112918146,0.46188527,-0.17467007,-0.010970171,0.22298549,0.15754288,0.35371155,-0.3177643,-0.34216815,0.3500839,0.16735962,0.3307124,-0.17293924,-0.02576035,0.67324615,-0.005087601,-0.24547674,0.14478417,0.19089992,0.0016811066,-0.21725081,-0.33376807,1.4166685,-0.14534813,-0.18574764,0.40481108,-0.7416755,-0.20477764,-0.051313855,-0.05230069,0.3130926,-0.07435281,0.3696009,-0.2702161,-0.50771,-0.32615265,-10.031476,-0.6059108,-0.35934037,-0.046868887,0.045800377,-0.29964077,-0.21506274,0.14068313,-0.5157975,0.22262886,0.0963253,0.10060747,0.29794315,-0.82043374,-0.42082992,0.26476392,0.07222596,0.7134993,-0.116696924,0.15148596,-0.56719726,-0.7456942,0.56968266,0.26618555,0.48023605,-0.33979636,-0.23494066,0.14337721,0.0036898663,-0.22204542,-0.098622344,-0.18612432,-0.34175017,1.6019385,-0.17982846,-0.047937788,0.39999276,-0.6967926,-0.07236891,-0.2926327,-0.109366894,-0.73855555,-0.09013146,0.08832087,0.5862186,-0.42455527,-0.035076816,0.31785926,-0.02597705,0.47157264,0.12025827,-0.49909976,-0.17621449,-0.6262792,0.23817119,-0.065614596,-0.033758402,0.45592117,-0.071447805,-0.46123904,0.18951176,-0.4187253,-0.50757414,-0.41027945,0.18751436,0.45066565,-0.5615187,-0.6416661,-0.1583095,0.11000698,-0.49530095,0.4301455,0.09349539,-1.0873992,-0.21816361,0.07082816,0.14383622,-0.088707246,-0.6487444,-0.1262337,-1.2015436,-0.06593149,0.43586645,-0.30276057,-0.24823353,-0.0038834512,0.014320937,-0.93703353,-0.07228955,0.550182,0.22177051,-0.12558752,0.3272757,0.10081734,0.27165458,-0.113802046,0.09464912,-0.35623223,0.8590595,0.036106717,0.07337662,0.02548526,0.43592876,-0.6250746,0.41657254,-0.20448673,-0.25545287,0.048283726,0.068680145,0.19168922,-0.050144836,0.45595342,-0.50183,-0.11216713,-0.20424645,-0.4953673,0.44436896,-0.07883672,0.34206077,-0.39604867,-0.424308,0.65550643,-0.33907548,-1.2409468,0.32248336,0.5129199,-0.2514599,-0.05496881,-0.4923544,-0.35413307,0.34835148,-0.35688016,-0.2902507,-0.1676638,0.12368138,-0.28598607,-0.38079673,-0.47214374,-0.9295524,0.30147102,0.67101777,0.20044546,0.25635225,0.020617176,0.17550264,-0.27414432,-0.50052357,-0.17647122,-0.10666745,0.36485508,0.16836159,-0.80937254,0.49192375,-0.2405772,0.43656078,0.50602674,-0.23147683,-0.6501298,-0.26292557,-0.07860914,0.5793931,-0.473423,-0.033624005,-0.17770472,0.11041997,0.5171114,0.21395057,0.33302882,0.18282521,-0.69068384,-0.06834432,0.45146424,-0.19040176,0.11046035,0.032349892,0.6151374,0.3230603,-0.5001941,-0.0348685,0.63436764,0.39911473,0.55912966,0.19243294,0.28024876,0.30222693,-0.44649714,-0.00825415,-0.028941657,0.09912415,0.5423381,-1.1863873,0.78270996,0.10306821,-0.53566164,0.0561915,-0.7218168,0.46814832,-0.6402259,-0.30101818,0.7757197,0.02355858,-0.47109702,-0.17445897,0.29091144,-0.6880899,-0.37715024,0.28347388,-0.024569964,0.30486536,-0.024157789,0.124074325,-0.36398724,-0.35947475,0.14253855,0.23178312,-0.19274393,0.47169262,-0.35421246,-0.6612579,-0.048569206,-0.14193948,0.44807842,-0.0076083886,0.011382263,0.104710095,-0.06587579,0.58558995,0.12567218,-0.29584575,0.2606825,-0.020921802,-1.105806,0.1988875,0.074857645,0.21345066,-0.29310018,0.49762818,-0.12299824,-0.063194335,-0.097713545,-0.20714018,-0.69147575,-0.23003802,-0.30047145,-0.19757326,0.73113054,-0.27927375,0.028597409,-0.9084913,0.1988814,-0.009493562,-0.21317592,-0.37591046,-0.63589835,0.24115701,-1.1067678,-0.029572092,0.65981376,-0.29400036,0.42115057,-0.3030571,-0.48023593,-0.028725911,-0.13987058,-0.28297383,0.10591157,-0.049821023,0.029908242,-0.2317293,-0.5334525,-0.03720627,-0.5549341,0.2650209,0.4817599,-0.21602999,-0.5970694,-0.076786526,0.15843296,0.1758636,-0.25056386,0.2280603,-0.281731,-0.08251514,0.4504124,0.13272992,-0.45784038,0.024467075,-0.18802801,0.10199833,-0.030330205,0.046863895,0.19579677,-0.38272077,-0.16132303,-0.14221872,0.5900466,-0.076375015,-0.24962229,-0.1961168,0.36903968,0.6691734,-0.36857215,0.6465671,0.14178365,0.28050807,0.21372461,0.10789013,-0.14826435,-0.6470595,0.3029201,-0.41065764,0.08916074,0.3332795,0.4121783,-0.019916512,-0.3177782,-0.39538872,-0.11822588,-0.01022141,-0.2387553,-0.37502298,0.26609424,0.20490117,0.033296958,0.22216877,0.12128207,0.59404635,-0.341333,-0.3017656,0.6744917,-0.09615963,0.25930476,0.31683713,-0.05578021,0.4541353,-0.108296536,-0.16927162,-0.17033759,0.03453027,0.20594487,0.2425548,0.31832644,-0.508729,-0.135339,0.32699397,-0.23049591,0.10135187,0.46154457,0.55965656,0.52551866,0.18486977,-0.2183637,0.03179458,0.15151459,-0.19060858,-0.43337876,-0.50514024,-0.24108343,0.7626431,1.2039341,0.52084357,0.32840934,-0.17302881,-0.85706925,-0.114944726,0.06765079,0.3228856,0.3181825,-0.078758,0.23196304,0.22486511,0.10348979,0.7603496,0.33353984,-0.3253109,-0.021919573,0.04383887,0.13933542,-0.109043874,0.1534649,-0.6643219,-0.22013973,-0.51008123,-0.13537008,0.0134808235,-0.3503464,-0.3598463,-0.33704412,-0.5568094,-0.08945328,-0.059592437,0.35904813,0.6115272,-0.025021143,-0.08941822,-0.03685258,-0.20492615,0.042278174,0.2797879,0.08797677,0.54763854,-0.6077081,-0.5250915,-0.7353894,0.07900628,-0.08688045,-0.07387886,0.075563535,-0.9686373,-0.17447501,0.112815306,0.08273376,0.09159845,0.009232378,-0.104976386,0.4858847,0.31665638,-0.62508905,-0.7425357,0.18117005,-0.24908647,-0.666876,0.11643073,-0.14308017,0.60749,0.4225951,0.080409795,-0.44941097,0.071980685,0.088775426,-0.1521462,0.19057517,0.40154132,0.20380756,-0.8857703,0.12942265,-0.06497806,0.22437853,-0.27955863,0.37524685,-0.2566549,0.49621633,0.1112412,0.08847128,-0.48917648,-0.14031601,0.23746759,0.33353832,-0.4881496,-0.6926346,-0.16910332,-0.68768144,-0.040641516,-0.054692477,-0.23129459,0.27619377,-0.5101368,-0.3956402,0.015133789,0.45195332
0.53007025,-0.25522795,0.024422107,-0.1333676,0.7351314,-0.39155594,-0.30649027,0.28842583,-0.17173806,0.24386843,0.1751073,-0.018201288,-0.09292807,0.4787704,0.18458912,0.66451806,-0.034727715,0.098057374,-0.27071962,0.09561171,-0.0017810236,0.09179156,0.25867438,-0.00394097,0.41606933,0.28347215,0.10379501,0.43588558,-0.32747552,0.033325497,0.36819032,0.56799585,0.058244836,-0.3021918,0.0050130887,-0.48155585,-0.254859,0.28079325,-0.11035401,-0.027038837,-0.4265772,-0.51199514,0.18314487,-0.035002097,-0.089174986,-0.012524405,-0.015880877,-0.12797387,-0.35362357,0.0308141,-0.037976995,0.1308939,-0.18498531,-0.6581336,0.022902768,0.6386692,0.081069276,-0.5166744,0.18440798,0.15244098,0.13935265,-0.1251318,0.007855467,-0.24254847,0.078175925,-0.1322364,-0.017786289,0.19370392,-0.16921812,0.51326394,0.091778256,8.13812e-06,-0.18651408,0.4074308,0.284085,-0.27772912,-0.4025958,0.735262,0.46675953,-0.18081848,0.01040472,0.1625407,-0.009091252,-0.10366123,0.25126728,0.13597283,0.08495978,0.35246015,-0.031665698,0.7059774,-0.27652076,0.29969049,0.0064622266,-0.0088084545,-0.093600705,-0.37704116,-0.36557582,-0.21998078,0.24761416,-0.092783734,0.16653036,-0.41274318,-0.08959445,0.09945277,-0.020118237,-0.077622436,-0.5860581,0.6062094,-0.33354247,0.12570785,-0.34951556,-0.15033993,0.1952675,-0.40194702,-0.2576461,-0.25725183,0.021839943,-0.34898624,0.17986415,-0.2697064,0.08357164,0.10876888,0.08648627,0.4874886,0.37899077,0.33391085,0.14489281,-0.06705679,0.5830972,0.41254205,0.4397094,0.051342953,-0.30666173,-0.5723867,-0.36565036,-0.16407256,0.030152123,-0.42223835,-0.08777701,-0.36917377,-0.30342582,0.098631494,-0.09112213,0.49064162,0.34715134,-0.18839964,-0.15460858,-0.045146912,-0.32346988,0.36240995,-0.22021689,0.15912656,-0.56357265,0.14083485,-0.36747622,0.13930017,0.0037982268,-0.042859823,0.4755617,0.16332577,0.0892344,-0.28340572,-0.01539871,0.013861508,-0.06643676,-0.28624707,0.17006595,0.07962789,-0.46919975,-0.53105,-0.22851187,-0.4593789,0.036699884,-0.20524201,0.5452372,0.17620182,-0.39850953,-0.26076072,-0.11664823,0.9054473,-0.5048866,0.33856666,0.64470756,0.27391702,0.43107432,-0.025697796,0.23770405,-0.41922456,0.6136327,-0.25418434,-0.070510134,0.14893484,-0.10365837,0.28595892,0.061970267,-0.08250815,-0.017466964,-0.23466656,0.3136167,-0.21704422,-0.02792211,0.18725759,-0.3284521,-0.1278994,-0.27510747,0.57205313,0.027250666,0.049336728,-0.38241786,-0.08490345,-0.010519339,0.11883617,0.021563068,-0.29151934,0.51145357,-0.15627849,-0.32091033,-0.1175347,0.23068886,0.3620941,0.3717379,-0.2139045,0.054399762,-0.013094831,-0.4755941,1.437736,0.2873334,-0.8152693,0.18847275,0.06371262,0.15473242,-0.5688092,0.15279864,-0.35161513,0.010284374,0.033400804,-0.53252006,-0.029900186,0.18187,0.3307942,-0.41507336,0.368263,0.2912942,0.05110397,-0.44758663,0.29804268,-0.25852776,-0.6354074,-0.240041,-0.23275132,-0.09602686,0.16526361,-0.45982036,-0.29156652,0.09200211,-0.1926946,0.19625825,-0.1941653,-0.02901239,-0.19035912,0.2506485,-0.14062835,-0.20765644,0.047886223,-0.28729427,-0.14818935,0.027910437,0.28980535,0.5817901,-0.049244743,0.094882414,-0.031365756,-0.059369866,0.72429883,0.15790427,-0.49271056,-0.048736975,0.05177058,0.08247733,-0.3734882,0.0110884495,-0.26981843,0.22445256,-0.03180585,-0.32159138,0.08781767,-0.32609788,-0.05752894,0.12819983,-0.44620308,0.12771836,0.6012541,-0.24073845,-0.19295318,0.44234762,0.16251265,-0.12935314,0.13303599,-0.31602135,-0.44124934,-0.47671115,0.36044723,0.070597075,-0.3313397,0.57928884,-0.09879388,0.23594332,-0.5930547,-9.767151,-0.73210424,-0.11746942,-0.12202432,0.5909934,-0.3990494,-0.20093979,-0.24414735,-0.28168267,0.21099995,-0.25368878,-0.529144,0.047876175,-0.6245682,-0.046726,0.47364366,0.557348,0.37920764,0.19372633,0.55610526,-0.1857026,-0.62418604,0.46841335,0.09824825,0.3309729,0.03634046,-0.07478655,0.17730582,-0.06628266,-0.33685714,-0.34850705,-0.062037896,0.013476317,1.3042854,-0.55312985,-0.46469417,-0.094127044,-0.5400388,0.05196749,0.21406795,-0.014544713,-0.11437315,-0.242063,0.23441254,0.65504515,-0.39600804,-0.018047815,0.24265349,-0.38049263,0.08825652,0.12771878,0.035205737,0.21412964,-0.543521,-0.048847944,0.14523868,-0.39817142,0.46322778,0.042003337,-0.4638466,0.017546497,0.17988244,-0.3409643,-0.11005377,0.2161437,0.46309367,-0.5496779,-0.69338745,-0.14638114,-0.44927675,-0.523889,0.15074849,0.59151983,-1.5851381,-0.8614112,-0.007894448,0.31961966,0.15613896,-0.44011948,-0.2717363,-0.6032952,-0.16988657,0.56831944,-0.057256084,-0.27068433,-0.3597407,0.09430254,0.0602464,-0.3055314,0.15426795,0.2970584,0.21753207,0.7086485,0.09713121,-0.109920226,-0.3161356,0.04838239,-0.22198614,-0.22124216,-0.29473916,-0.02514515,-0.044236943,0.30457956,-0.5077557,-0.117404334,-0.3551081,0.04779345,-0.014932137,0.02657692,-0.04146421,0.44857517,-0.39784917,-0.37659368,-0.06457714,-0.12936284,-0.41009736,0.20250197,0.5576372,-0.03270369,-0.10185623,-0.12664092,-0.046570078,-0.67331666,-0.64868945,-0.06092017,0.15747634,-0.41410926,0.2722092,-0.2297789,-0.20758243,-0.13998003,-0.14380497,0.4468983,-0.23043022,0.070787914,0.17744076,0.13741273,0.026552845,-0.37054703,0.008664292,0.23917986,0.20313472,0.4299073,0.43147236,0.47878093,-0.45355648,0.025266338,0.39139804,0.22137834,0.5945523,-0.50579756,-0.68525296,0.45075253,0.011006992,0.04790476,-0.034155466,0.67127097,-0.5376186,-0.14343148,-0.6508985,0.45552325,-0.08504962,-0.10797838,0.2898455,-0.093456574,0.5144741,-0.116385214,-0.09345902,0.7371496,0.37437093,-0.1261851,0.16593239,-0.108037926,-0.08246455,-0.15008132,0.39926654,0.22554083,-0.506561,0.051471964,0.2899535,0.037524033,0.098323405,-0.12719214,0.37790465,0.470585,-0.16188717,0.16680767,-0.3614772,0.057500504,0.511703,-0.07445233,0.78788686,0.13256863,0.101921126,0.5155763,-0.6063426,0.058245596,-0.023755532,-0.26656497,0.31929556,-0.5197651,0.14004989,0.25274765,0.320478,-0.1767247,0.15855518,0.086169176,0.67674685,0.29607376,-0.2531833,-0.095277615,-0.21023962,0.30834576,-0.3626265,0.11108725,-0.21824686,0.015184535,-0.7207178,-0.43170953,0.07382833,0.1459836,-0.0075326576,-0.022579238,-0.21473499,-0.6718978,0.08135432,0.24189343,0.17951302,-0.34242934,0.0689098,-0.29085314,-1.1902626,0.13276862,0.35645142,0.17761308,0.22453211,-0.12215283,-0.39919317,0.06813865,-0.5069036,-0.5646962,-1.0390663,0.097079135,-0.6172572,-0.1522298,0.23499888,-0.21851587,0.24571037,-0.12540917,0.41440037,0.44053966,-0.08102302,-0.24266677,-0.5235918,-0.18344122,-0.66118866,0.1400131,-0.25182858,-0.12854965,0.24355368,-0.7256761,0.09823039,-0.13791455,-0.3528282,-0.0375647,0.23666687,-0.23365676,0.40903693,-0.08791,-0.13717377,-0.068227395,-0.89121306,-0.19912165,-0.02287673,-0.4482866,-0.2598652,-0.5329975,-0.24437845,0.25824076,0.06015708,0.055761263,-0.28036088,0.24661171,0.14242305,0.35512725,-0.20954362,-0.5215699,0.5063397,-0.26934606,-0.02268909,0.13816415,-0.019032897,-0.22769037,0.010541047,-0.8911252,0.4583006,0.41516027,0.19429396,-0.4260111,0.36578646,-0.009971322,-0.15153521,0.51827705,0.3648687,-0.3033872,0.7330131,-0.19832143,-0.42252663,0.105359934,-0.2202466,-0.1697488,-0.33449143,0.58920544,0.3494825,0.13058105,-0.42896163,-0.504985,0.07718913,-0.11144456,-0.26675567,0.078266375,0.34575382,0.30047563,-0.27023333,-0.14906394,0.5114877,-0.18920599,-0.67079437,0.12194808,0.0022725903,-0.18298134,0.028710913,-0.23844828,-0.35024253,0.38761085,-0.32263398,0.039936777,-0.008345041,-0.07399049,0.1779589,0.055888325,-0.13495046,-0.3524591,0.17788444,-0.38694945,-0.17148405,0.09976026,0.16483143,0.12085169,0.5535895,-0.44225064,-0.035820518,0.29292184,-0.0023679757,0.19048794,0.21343912,-0.33771333,0.26007316,0.28661698,0.47180423,0.5814207,0.16935241,0.16169566,-0.55097854,0.16583616,0.2299699,0.080581926,-0.07994874,0.08376394,0.11164379,0.33695754,-0.5250173,0.19687328,-0.083827965,0.040442385,-0.0437055,-0.49374235,0.05725343,-0.30335084,0.28357083,-0.36101246,0.089387804,-0.28137293,-0.23959717,-0.1384238,-0.28485784,-0.28042948,-0.028181324,-0.40353942,0.07690104,-0.49130023,0.3972128,-0.1227476,0.7111914,0.010337749,-0.40096784,-0.19369191,0.062299725,0.57586235,-0.29725778,-0.06275759,-0.23124786,-0.20637023,-0.23066874,0.44468758,-0.20226437,-0.26358077,0.35026348,-0.8354312,-0.448864,-0.08508873,0.19444507,0.012834933,0.43839514,-0.11423697,0.4075407,-0.022828832,-0.13886464,-0.5226733,0.057491466,-0.30807814,-0.8225395,0.14718035,-0.03034104,-0.11658879,-0.27021283,-0.20773698,0.1971749,-0.31304514,0.25118345,0.10402573,0.20328788,0.3841464,-0.15361352,-0.46777874,0.36266953,-0.06818041,0.13476595,-0.24467266,0.07281844,-0.029043153,0.31137025,0.38948628,-0.6521156,0.28979862,0.07786601,-0.073135875,0.10337918,-0.33617836,-0.11173734,-0.14517401,0.21535732,0.55399984,0.3449279,0.3896074,0.3919509,-0.16387987,-0.44318584,0.36658528,-0.34123793
0.23249498,-0.39188004,0.68715173,-0.10572952,0.45560256,-0.27475965,-0.64833915,0.08267704,-0.04645179,-0.09456239,-0.1692712,0.013616104,0.103026584,0.3384576,0.1029181,0.30775416,-0.18894862,0.41507572,-0.29495928,0.100130156,0.14762387,0.19030428,0.2704419,-0.2945982,0.5876745,0.3229164,0.0060763615,0.105624475,-0.5361976,0.19461143,0.5441406,0.51410925,0.17234562,-0.41742626,0.2751046,-0.3847179,-0.5491088,-0.049832094,-0.07926662,-0.073258765,-0.2613517,0.053150177,0.02157926,0.20495142,0.07300277,-0.54995424,-0.1005777,-0.743627,-0.44014654,-0.008078607,-0.49581218,0.06708131,-0.65678144,-0.6444384,0.16084455,0.83593255,-0.056632735,-0.5425853,-0.019826088,-0.10162598,0.111989185,-0.48871648,0.2035032,0.016624635,0.06157618,-0.3212067,0.18565382,0.45204055,-0.5409635,0.068354055,0.2042829,0.16164786,-0.28787228,0.38253972,0.16167793,-0.13640845,-0.5744181,0.44662553,0.1264288,0.23289536,0.19726631,0.056938007,0.59702945,0.008479483,0.27200815,0.2542753,0.154941,0.25147727,-0.00791672,0.78630114,0.0008870831,0.048581667,-0.15579294,-0.06635872,0.042546682,-0.66315705,-0.38465202,0.09263728,0.48508584,-0.14190038,0.20966244,-0.0017272553,-0.32750598,-0.40973508,-0.4555968,-0.029708825,-0.73952776,0.074706666,0.012597341,-0.077453375,-0.2007526,-0.12074356,0.27300322,-0.5655336,0.036440317,-0.28669107,-0.028671138,0.7350601,0.23311172,-0.018344983,0.08547514,0.35616642,-0.35048226,0.4532176,0.5647165,0.38580045,0.25819933,0.36509168,0.42853463,0.3545,-0.08298847,0.11446582,0.03862723,-0.15332188,0.16894406,-0.11405894,-0.24521227,-0.43775263,0.04347158,-0.575943,-0.36943758,-0.034286786,0.277811,0.59474874,0.24773058,-0.11589749,0.15215981,-0.33001277,-0.36805606,0.9212974,-0.6142978,0.15987225,-0.30188614,0.09525737,-0.26916873,-0.13044782,0.12790161,0.105398595,0.21140176,-0.04791233,0.086664975,-0.08848099,0.11173371,-0.45670405,-0.2890478,-0.23324099,0.08374509,0.51497597,-0.28465667,-0.39167157,-0.15147877,-0.6603036,-0.0935393,-0.3233581,0.6701616,0.5493737,-0.23557283,-0.17420577,0.08189001,0.75421804,-0.45205247,0.6568118,0.5453865,-0.3478894,0.22907878,0.08701063,-0.01813039,-0.4651392,0.84865725,0.3339224,-0.501848,0.25938353,0.18277493,0.26349103,-0.20693192,-0.88057363,-0.25311857,-0.24635628,0.24918526,-0.242393,-0.062424943,0.4783138,-0.40143153,-0.17515488,-0.2137452,0.320652,-0.07538851,-0.34212178,-0.41055417,-0.10762277,-0.106100366,0.18469627,0.020246642,-0.4043435,0.54454345,-0.21258348,-0.018648272,0.17512262,-0.0012346676,0.19656256,0.37754554,-0.31878513,0.28342885,0.3744381,-0.6785639,1.405334,0.19119522,-0.6819193,0.32087997,-0.110435255,-0.13391605,-0.5616006,0.3610982,-0.6902401,0.34169984,0.22678512,-0.5730763,-0.24380806,0.28623068,-0.051464435,-0.2565935,0.41153708,0.34880286,-0.16798276,-0.008216342,0.16906615,-0.41269574,-0.3903371,-0.14013456,-0.4258479,-0.22219855,-0.06246746,-0.4996548,-0.30721205,-0.19296202,-0.3659771,-0.015525788,-0.36108539,-0.42418218,-0.46771568,0.12823316,-0.083933115,0.46048787,-0.1153574,0.20143339,-0.017236136,0.30248332,0.20445558,0.5852062,0.259434,-0.10049276,0.42488286,-0.0544659,0.5721793,-0.13614357,-0.33804345,0.08150179,0.056701053,-0.08992481,-0.6101971,0.071597315,-0.2621589,0.055171266,0.028093582,-0.2586681,0.36683556,-0.27757102,-0.11352168,-0.02312672,-0.1635185,-0.29128236,0.38534987,-0.5838168,-0.09809802,0.8327252,0.12253311,-0.44385383,0.4622723,-0.06414704,-0.29890874,-0.11211004,0.092957824,-0.008152131,-0.021265011,0.008915641,-0.04721076,-0.35662565,-0.45098022,-10.190754,-0.79856473,-0.26887742,-0.113812745,0.21879761,-0.30205885,0.1040518,-0.03911214,-0.2860095,-0.08733096,-0.37520558,-0.46129993,-0.117340535,-1.0240371,0.17783336,0.3076526,0.7285627,-0.006679691,0.24686158,0.091541484,-0.32552728,-0.9900643,0.16266628,0.25727206,0.47983456,-0.24509302,0.06896077,0.043865345,-0.33777437,-0.38683957,-0.11336995,-0.25707573,0.23231481,1.4421892,-0.3950552,-0.3097557,-0.2515716,-0.46282315,-0.27164972,0.07345244,0.23929258,0.30100602,-0.15447763,-0.17724618,0.739653,-0.7698508,0.3629361,0.70741874,-0.299239,0.11666818,-0.13937292,0.10732427,-0.29007357,-0.773214,-0.1537875,0.14061885,-0.13683943,0.40177396,-0.18514627,0.47095734,0.5509808,-0.18627359,-0.15839408,0.08904353,-0.13669167,0.15923291,-0.7081692,-0.8843349,-0.0794351,-0.08143178,-0.2610983,0.37043044,0.4157343,-1.2598963,-0.21898733,-0.42554024,0.47064772,0.71169466,-0.4021771,-0.373024,-0.26078296,-0.347791,0.52134854,-0.12557654,-0.2199039,-0.1790005,0.24912794,-0.2615841,-0.5919498,0.26440135,0.39204383,-0.052873645,0.6648356,0.1485959,-0.3006765,-0.8569423,0.20598732,-0.5700908,0.020025024,-0.05871783,0.28087175,0.1503677,-0.023909397,-0.73616356,-0.46052942,-0.45415342,-0.3470204,0.027365625,0.1781595,-0.1404578,0.43616498,0.17080034,-0.21433876,0.44818112,-0.049043413,-0.1049582,-0.07173384,0.4323062,0.26093486,-0.56143105,0.06995561,0.11506264,-0.27585033,-0.94854444,-0.14609605,0.07655407,-0.43869627,0.305098,-0.59744257,-0.22355774,-0.18713206,-0.45146453,-0.4958165,-0.15253201,0.16302703,0.063019864,0.0463326,-0.12652063,0.03306437,0.16403982,0.29325038,0.27497208,0.4259496,0.09653162,0.27865943,-0.3337338,0.14653988,0.30242738,0.4510927,0.3468029,-0.49820787,-0.90151,0.26761237,0.3779334,-0.51899284,-0.00032141595,0.4931519,-0.41824535,-0.03299949,-0.65401304,0.690203,0.3938778,0.08571925,-0.09764903,-0.16023237,0.17208746,-0.16374058,0.287431,0.17220213,0.094507635,-0.05495465,0.113966875,-0.07232799,-0.05363011,0.277872,0.492645,0.26073077,-0.67443776,-0.08998421,0.75595874,0.444905,0.01892607,-0.21703416,0.34022972,0.9071281,0.07242452,0.3598089,-0.17248537,0.30836457,0.63885397,-0.60972494,0.429939,0.24032906,-0.24893999,0.30378345,-0.7839647,0.07866086,-0.16104603,-0.046712335,0.46305218,-0.53822607,0.30645305,0.045191888,-0.2554999,0.026646685,0.14656156,0.23230395,0.7052517,0.25660795,0.1369167,0.11162042,-0.3093396,-0.7054394,-0.062237903,0.20689386,-0.043612972,-0.059682384,-0.5045034,-0.5085431,-0.0009653883,0.25793424,0.088890985,-0.19626598,-0.24807394,-0.24719654,0.03451259,-0.070822984,-0.025772847,-0.3874723,0.21051975,-0.3994498,-1.4379106,0.105826944,-0.034409117,0.3105644,0.29134667,-0.17757438,-0.45005405,-0.04575472,-0.39277485,-0.6425181,-0.9044317,-0.12589198,-0.98026896,-0.31607965,0.3255775,0.16984785,0.30820188,-0.46042043,-0.0021295547,0.1929309,-0.34887353,-0.0427299,-0.4343902,-0.0014107168,-0.34237975,0.42393222,-0.46814534,-0.24648419,0.6061603,-0.66967523,-0.062373467,0.14611931,-0.3611874,0.48182786,0.4668925,-0.03839999,0.55540735,0.06389052,-0.22512546,-0.09147759,-0.53571683,0.1677336,-0.050341576,-0.27221322,-0.3235184,-0.2536218,-0.8102835,-0.37489882,-0.45726445,-0.43207464,-0.2858838,0.37006652,0.09038064,0.4837975,0.07682683,-0.66289246,-0.19727767,0.0017672352,0.024476543,0.4235558,0.37374294,-0.47670677,0.098736435,-0.76394117,0.6725897,0.60284746,-0.153612,0.12409067,0.70419306,0.3633998,0.14607683,0.39965263,0.22254151,-0.162695,0.45297825,0.021124855,-0.2815588,-0.2653191,-0.7108895,0.010264698,-0.5799753,0.49846092,0.6276175,0.253967,-0.22586776,-0.7559319,-0.32053578,-0.56391144,0.31898817,-0.013923063,0.9308554,0.48083505,-0.2846093,-0.41335854,0.29266572,-0.042942572,-0.10966709,0.15961018,0.020499792,-0.1298335,0.1784922,0.078524075,0.10312588,0.21103735,-0.09236095,0.16214925,-0.1505641,-0.31209785,0.37174508,0.34316236,-0.11915867,-0.26995254,-0.23252383,0.050672118,-0.15966591,-0.024316907,0.13150834,0.36345455,0.7364079,0.25432608,-0.23595178,0.18289787,-0.010163741,0.04366594,0.45226857,-0.4135952,0.26552907,0.3270327,0.49431202,0.55109924,0.40037128,0.30081025,-0.6830373,-0.17399932,-0.038633432,-0.10951745,-0.022531524,-0.14458802,0.113323346,0.019346152,-0.09152779,0.20876099,0.075823426,0.151292,-0.103106394,-0.52343863,0.05933547,-0.18239489,0.5960765,-0.45619774,-0.74406034,-0.4356082,-0.44531,-0.11419692,-0.53869593,0.17434913,0.035234544,0.009897672,-0.14400113,-0.33402616,0.43755376,0.54845905,0.4618431,-0.24838047,-0.18538524,-0.21520072,-0.07791699,0.37613305,0.05137526,0.27115178,-0.5337574,0.21044928,-0.33434144,0.18933146,0.035025515,-0.3201677,0.69974494,-0.9978717,-0.33433324,-0.05283993,0.1463205,0.20500442,0.2726282,0.40895012,0.4438069,0.014805835,0.096449345,-0.4701545,0.1589796,-0.34965816,-0.8832222,0.41124097,-0.054035436,-0.18605717,-0.78211474,0.03353723,0.16201723,-0.004628987,0.06745818,-0.26762408,0.02448759,0.49508655,0.27841944,-0.431954,-0.14198169,0.012881816,-0.037977945,-0.20499332,0.27996838,-0.007914958,0.40669793,0.34779027,-0.13830304,-0.14865038,0.12113738,0.21489231,-0.1577895,-0.7447671,0.027063917,-0.25847232,-0.44338897,0.6168388,0.0026714904,0.34759057,0.52740586,-0.08317668,-0.4322128,0.4292107,-0.0881373
-0.5789367,-0.08395676,0.562065,-0.032706227,0.26025906,-0.026445556,0.005448516,0.029186072,-0.5263772,-0.2899069,0.051527917,-0.34375188,-0.05257137,0.17040554,-0.3022676,0.04874405,0.21799591,0.12081525,-0.14107074,0.43671626,0.48010358,0.10426205,0.06118214,-0.100130685,0.15862185,-0.17834298,0.03459996,0.11250693,-0.5339056,0.20777951,0.0798326,0.38442454,-0.32540214,0.36966792,-0.44876888,-0.37082177,-0.34023303,-0.29702264,-0.5685475,0.45667154,-0.3945953,-0.6850015,0.21687026,0.030296082,0.15636437,0.28180942,-0.32988322,-0.2733889,-0.089133106,-0.18155462,-0.3935168,-0.08041979,-0.09505192,-0.1871141,-0.023936724,0.55903256,0.7676166,-0.49988392,0.045147825,0.38332134,-0.07457865,-0.1974222,-0.66321373,-0.6633623,-0.22002745,-0.34961814,0.079916365,-0.08487964,-0.6545756,0.19011559,-0.008313882,0.29711708,-0.27297372,-0.19373634,0.3311696,0.021876471,-0.37216103,0.5324643,0.24760444,-0.46277344,-0.16533016,0.6156499,0.24403153,0.21076621,0.033159714,0.2431263,0.3497407,-0.18761688,-0.13371658,0.77737427,-0.15582642,0.09709325,0.19358622,0.5098492,-0.0054344437,-0.17989224,-0.50905186,0.06268426,0.30580643,0.13977127,0.49515676,-0.07395752,-0.3116927,-0.071420416,0.13741785,-0.5303511,-0.6758577,0.6965352,-0.09817411,-0.047183413,-0.25209,0.16572039,0.30922824,-0.23997542,-0.35653555,-0.1286846,-0.34401506,-0.06894294,0.112881295,0.035240784,0.051838093,0.42190504,-0.046272907,0.29861784,0.36914986,0.33166796,0.13300735,-0.13641544,0.6910035,0.1195041,-0.037167717,0.5084416,0.23553267,-0.04580264,0.2980487,-0.01735183,0.37377366,-0.2614845,-0.012499262,-0.45569792,-0.36959988,0.01823353,0.40439218,0.40372774,-0.09223767,-0.28267005,-0.2277174,-0.21741846,-0.39952356,0.22786805,-0.3672263,-0.093895644,-0.6495962,0.3376097,-0.081612825,0.27478844,-0.42425507,-0.26915982,-0.14483291,0.113725,0.17747393,-0.2308423,-0.035548154,-0.06330636,0.08561158,0.21949157,0.23603876,0.52880317,0.44907823,-0.2691801,0.12028914,-0.44951573,0.12481942,-0.08592595,0.30539975,0.29122353,-0.060578655,0.15649934,-0.23153232,0.7842038,-0.55111927,-0.060870443,0.28061202,0.2488336,0.16978446,0.18978648,0.013606757,-0.26970416,0.5599257,-0.40381953,-0.5405168,-0.17671919,-0.21219116,-0.10910874,-8.6112814e-05,-0.8904497,0.09824016,-0.050410144,-0.0036298772,0.38607043,0.3111194,0.29969802,0.09588267,-0.14081721,-0.070814416,-0.03894706,-0.18879442,-0.15221371,-0.3775378,0.36446887,-0.07198666,0.43164983,-0.04643378,-0.3218788,1.1392426,-0.0150081115,-0.5846236,-0.47960898,-0.12662672,0.1488182,-0.21824042,-0.40998784,0.0016951909,0.35755938,-0.39212617,1.0429553,-0.3786619,-0.38229212,0.6146992,0.30882862,0.2982599,-0.18164466,-0.30052862,-0.4379262,-0.18242052,0.027701618,0.0307936,-0.20728025,-0.25972432,-0.32349125,-0.27657402,0.26873633,0.17755309,-0.41068423,0.15648857,-0.26613083,-0.30203706,-0.7994475,0.0016696801,-0.41750425,-0.2623529,-0.19394273,-0.1435813,-0.22345588,0.13551769,-0.050791923,0.08774451,-0.07607465,-0.24163935,0.074114285,0.42577794,-0.03644531,-0.22948304,-0.26295078,-0.21150379,-0.6297516,0.2571797,0.43412694,-0.021402963,-0.3882355,0.016722828,-0.54999554,-0.47991306,0.51133096,-0.012864579,-0.5235979,0.045663357,0.006766796,0.29029414,-0.42786127,0.27962387,0.48007217,0.2356218,0.38785544,-0.20304824,0.41249853,0.09148024,-0.740186,0.2002498,-0.22418079,-0.40129513,-0.062836416,-0.48928088,-0.099299386,0.47200277,0.016655173,-0.18849783,0.07541471,-0.12152362,-0.6689568,-0.47530213,0.10337218,0.11349789,-0.065697715,0.13672432,0.163542,-0.74764824,-0.15150256,-8.880877,-0.43740422,-0.018237598,-0.06994234,0.06612788,-0.050511878,-0.01773897,0.29680553,0.30870214,0.17721455,0.061569106,-0.4501708,0.06494149,0.28404838,-0.09929239,0.7187272,0.79858613,-0.04232436,0.19290572,0.16046213,0.08659883,-1.0172901,0.37376812,-0.14868364,0.30213988,0.12655233,-0.03908287,0.36387867,0.16595787,-0.08588186,-0.022169698,0.49128696,-0.120826386,1.0761997,-0.15225376,-0.018841002,-0.19528167,-0.35904667,0.39774686,0.10137803,0.48242873,0.25487968,-0.054314647,0.5296732,0.9125145,-0.48358345,-0.35651562,0.573135,-0.24461755,0.038524676,-0.04787224,-0.27377656,0.2789985,-0.22791821,0.123347476,-0.3255823,0.031648073,0.47371408,-0.42966527,-0.3599946,-0.07230221,-0.45984206,-0.4452556,-0.16232887,-0.16151704,0.013747994,-0.56040394,-0.38215214,-0.15250833,-0.06050109,-0.49657905,0.38676172,0.54270047,-1.6437252,-0.42807353,-0.260533,-0.23530227,0.26566106,-0.40530723,-0.246326,-0.2239768,-0.045315195,0.11413688,-0.007202236,-0.33178025,-0.02046307,-0.017958812,-0.33809328,-0.26455614,0.35908064,0.37713662,-0.7027429,0.16160055,0.045433257,-0.3036411,-0.4852496,0.56837237,-0.28167802,-0.021732392,-0.00036371153,0.10982826,0.31123722,0.06091027,-0.16116938,-0.358037,-0.45924008,-0.39051536,0.026814984,0.066030346,-0.049996242,0.02365006,-0.63642895,-0.44446382,-0.117722206,0.099328905,-0.12462673,0.35612065,0.4785252,0.20654488,-0.48225024,-0.26383016,0.20833384,-0.10658492,-0.7743834,0.26909325,-0.1655011,-0.853984,0.0895175,-0.30612952,-0.02953707,0.035790548,-0.08405102,0.32092696,0.4090309,-0.059410635,-0.65927607,0.15292111,-0.22351404,0.34759873,-0.2764052,-0.19305024,0.23754562,0.21690086,-0.22155073,0.62953556,-0.048938815,0.4157482,-0.060796075,0.01757196,0.38819253,-0.57637054,-0.9790229,0.27691537,0.4188236,-0.32061306,-0.32817748,0.21761543,-0.32831037,-0.19947223,-0.77699065,0.15857135,0.4328874,0.15377845,0.2695857,0.02553045,0.24656315,-0.15182474,-0.015387501,0.38181198,0.08678768,0.17716193,0.1132266,-0.3805018,0.11982973,0.7209765,-0.26311734,0.10486495,-0.33227718,-0.5000463,0.3628236,-0.11627905,0.36936945,-0.29354817,0.21388741,1.0866207,0.14491028,-0.20679851,0.035320226,0.18514013,0.043906786,-0.15036967,0.3509035,-0.24479894,0.080519415,-0.14103462,-0.2156001,0.45276403,0.022959417,-0.082961336,-0.17583194,0.11271166,0.2877305,0.29222342,0.26822755,0.28890806,0.10562645,0.24105074,0.25318635,0.23229936,-0.0797066,0.042430077,-0.2587034,-0.41770515,-0.28093585,0.3245725,0.03946932,0.23313923,-0.14177679,-0.6776123,-0.2556606,-0.11959556,0.18333754,-0.02012335,-0.08279716,0.08330061,-0.5018863,0.14630896,0.310008,-0.10617199,-0.38383067,-0.23306729,-0.97240335,0.41643316,0.4092518,0.517105,0.30894545,-0.32743564,-0.3067319,0.6182531,-0.3860989,-0.45462173,-0.45430532,-0.18851794,-0.4316619,-0.37734604,0.0861549,-0.3191472,-0.03195775,-0.5734487,0.37278754,0.14730017,0.34650427,-0.28684253,-0.39775598,-0.14251398,-0.8570251,-0.097456686,-0.34735563,-0.49852568,0.21423191,-0.6097139,0.36992386,0.26971182,-0.07658,0.014275393,0.5629572,-0.0036178727,0.06725454,0.17940606,0.2844324,-0.36527145,-0.06064774,0.09342279,-0.058280997,-0.39814976,-0.19776407,0.08633791,-0.20472813,-0.20311289,0.37515688,-0.3743543,-0.23952307,0.035573997,-0.2619141,0.079264075,-0.12465815,0.034228753,0.17502521,0.094773434,-0.23748635,0.5063923,0.14329758,-0.36367986,-0.11678457,-0.14812106,0.29470393,0.34701747,-0.5566767,0.3518974,0.26258206,0.037348606,0.07134824,0.78571224,0.35104293,-0.10303859,0.30001518,0.5013993,-0.3403609,0.1143643,0.1440082,0.101367,0.22542508,0.32110566,0.38265702,0.16742226,0.04921266,-0.22430271,0.06712883,-0.31276125,0.27844316,0.30453002,-0.3872697,0.2924276,-0.699858,-0.17385598,0.8678597,-0.048151895,-0.18479457,-0.16772977,0.6847733,0.129624,-0.2291831,0.2773959,-0.21159635,0.19169421,-0.26266125,0.27810204,0.043676183,-0.03272011,-0.02802519,0.7564963,0.049895667,-0.03255974,0.3337384,-0.04561089,0.03985225,-0.619336,0.2274732,0.6418446,0.48279065,0.18985264,-0.046762835,-0.047797628,0.15298183,0.34094155,-0.111039326,-0.013841961,0.39661822,0.033991273,0.14990139,0.49900952,-0.03366861,0.3386521,-0.58423287,0.48434776,-0.110442005,-0.052263573,0.2777312,-0.062939174,-0.6192054,-0.04515441,-0.110066585,0.18883781,-0.40995374,-0.10598326,0.2566425,0.11122347,-0.3737456,-0.71954274,0.5084598,0.17346616,0.13826723,-0.50298387,-0.30495512,-0.5784953,-0.088065624,-0.82607925,0.13181666,0.4772381,-0.2709074,-0.3035676,0.28869838,0.6467559,-0.12824701,-0.21716933,-0.34653515,0.4501859,0.24392347,0.41611776,-0.40712687,0.55409247,-0.07072544,0.043058846,0.34782296,-0.24619088,0.28230852,-0.3945994,0.199657,-0.32310247,-0.35338345,-0.055522386,0.4266321,0.039195832,0.15935959,0.16564466,0.023095246,0.22857553,0.03471648,-0.3175446,0.023102416,-0.53599733,-0.90744,0.5889435,-0.5337016,-0.18837711,-0.51705545,0.13953534,0.260524,0.07518383,-0.05628723,-0.066447765,0.066894025,0.64636964,-0.0991091,-0.024793215,0.1656421,-0.0927534,-0.1591883,-0.23023099,0.13781103,-0.79302543,0.3399258,0.23124678,-0.42691514,-0.030929854,-0.090960726,-0.22408785,0.28498402,-0.5857668,-0.34854957,-0.17171614,0.07859985,0.2675401,0.31567103,0.06004097,0.015680373,0.025085758,-0.6288591,-0.22964936,-0.33363116
0.23135367,-0.074216,0.2873228,-0.01648247,0.009025317,-0.02739529,0.04489565,0.53022546,-0.4378461,-0.48537785,0.3593916,0.006765585,0.25618255,0.27032116,0.02393489,0.36524382,-0.38931412,0.55998236,0.103326485,-0.19178493,0.019627629,-0.2547212,0.56935054,0.4698969,0.23077023,0.18237625,0.07735926,0.19709615,-0.4581803,-0.25455192,0.38809147,0.11043655,0.104652144,-0.12682956,0.18190868,-0.49808997,0.11114741,-0.047682606,-0.1172498,0.24706563,-0.22073895,-0.0076175164,0.25871575,-0.23664694,-0.14785513,-0.368292,0.043571994,-0.47799125,0.45006034,-0.22856146,-0.5892614,0.0905381,-0.19980755,-0.26527685,0.33489034,0.6548986,0.0015925068,-0.33549803,-0.43974343,-0.118219726,0.055991746,-0.39141428,-0.34935042,-0.11934927,0.28853318,-0.09720662,0.3906077,0.032824628,-0.8967778,-0.08093455,0.22831751,-0.025589123,-0.30078965,-0.011580298,-0.29211387,0.31195712,-0.13175182,0.31169572,-0.03372951,0.32816494,-0.33185548,0.45711505,0.09358641,-0.011581778,0.29271853,0.13896887,-0.032665446,-0.03464517,0.1724688,0.5087354,-0.25182673,0.18447214,0.09718877,-0.03643071,0.3630624,-0.7361116,0.27096996,-0.32657993,-0.30194914,0.40144035,0.27970353,-0.3250839,-0.38584912,-0.4441061,-0.08429344,0.12614082,-0.07586847,0.026483594,-0.07040388,-0.13884097,-0.19712886,0.025418928,-0.11547986,-0.40850335,-0.09422183,0.19667843,-0.19979867,0.20139204,0.116152555,-0.16937658,-0.04079374,0.57775134,-0.13025804,0.070891306,0.17399324,-0.15666932,-0.13415301,-0.32257417,0.0998683,-0.032970943,0.28232464,0.051044635,0.36877102,-0.14880161,-0.08167359,-0.34753495,-0.08107002,-0.040340435,0.081652425,-0.6576844,-0.16131741,0.22839749,0.3115243,0.28151417,0.024331102,-0.10357437,0.23865028,-0.25558224,-0.35172412,-0.18370023,-0.35218933,0.42460763,-0.40009513,0.07965631,-0.12531215,-0.16589157,0.17608443,-0.013706557,0.06726747,0.15415841,-0.0024120726,-0.2493023,0.02495995,0.27788392,-0.17233373,0.052331854,-0.35959268,0.1280738,-0.20943286,-0.1764204,-0.4099113,-0.19451776,0.4069888,-0.14536425,0.17321813,0.45094344,-0.2942623,0.22917746,-0.044080157,0.3031102,-0.39204848,-0.024611278,0.46697545,-0.30267188,0.1025843,0.04156153,0.27523488,-0.4638731,0.68106264,0.36989728,-0.71516854,-0.034624796,0.1209502,0.12171474,0.029482698,-0.4533374,-0.2567071,0.1420905,-0.025303459,-0.007781804,-0.20501143,-0.029314406,-0.12311368,-0.116351366,-0.4268586,0.32292435,-0.30558825,-0.17403255,-0.2506625,0.16005392,-0.16117892,0.53724045,0.074106134,-0.018648097,0.3781963,0.24224041,-0.13739121,-0.50294703,0.107112676,0.24505937,0.31631324,0.113094874,-0.17161158,0.37989062,-0.14825164,0.7599011,0.039662793,-0.48472607,0.5418476,-0.10909664,0.0420891,-0.6859908,0.35735536,-0.10315272,0.40155107,-0.009231279,-0.7267579,-1.0105906,0.051191583,0.142273,-0.09200372,0.36919376,-0.23684768,-0.094395734,-0.057388827,0.21068954,-0.12412161,-0.2929975,0.065197155,0.00767589,-0.17137827,-0.56386757,-0.20323768,-0.61217916,0.23904203,-0.34971723,0.19296342,0.16136475,-0.2856394,-0.31215557,0.3105097,0.24739441,-0.59013706,0.1366317,-0.1184171,-0.07136563,0.18695311,0.16242908,0.31451637,0.089949094,0.13541196,-0.12749131,0.08126582,0.63851106,0.5767626,-0.0033615544,0.07301878,0.19189955,0.33345932,-0.15794711,0.03490986,-0.039623067,-0.0084782615,0.20978247,-0.25394878,-0.29201102,0.27456942,-0.07551187,-0.39979237,0.089248314,-0.3160075,-0.36866048,-0.6165072,-0.055877205,1.0075898,0.44601223,0.050727323,0.42510688,-0.36104506,-0.13458368,-0.18946144,-0.123974726,0.046332087,-0.13949423,-0.12066239,0.2747004,-0.48734668,-0.6705452,-11.420663,-0.39125624,-0.38002846,-0.29899934,0.21268255,-0.273779,-0.012052593,0.09307668,-0.33542025,-0.18250321,-0.09748875,0.04830121,0.18538886,-0.6391436,-0.18645956,0.44066128,0.8510829,0.40358448,-0.00417698,0.2737649,-0.38463753,-0.22053394,0.51200765,0.40478152,0.4049078,0.43078515,-0.078119196,0.017060863,-0.2279867,-0.15318851,-0.29237643,-0.063938566,-0.0992857,0.52780634,0.2019207,-0.3143599,-0.31846738,-0.62716824,0.30932903,-0.37724492,0.29107237,-0.44591156,0.072008975,-0.051561855,0.77028185,-0.7182244,-0.3148328,0.27822435,-0.06196371,0.5389894,0.28566042,0.08764856,0.22048421,-0.4307275,-0.19523007,0.15582098,0.15460661,0.8568898,-0.119531356,-0.3249378,0.2559047,-0.3570796,-0.57335824,-0.027656512,-0.08900444,0.080925904,-0.29993767,-0.6472051,-0.20419258,-0.20067489,-0.06693378,0.40560597,0.24390464,-1.5271982,-0.20687664,-0.22268876,0.103357315,0.53592074,-0.05992991,-0.19937788,-0.3780088,0.115314886,0.10212531,-0.25631064,-0.30351627,-0.2706877,-0.059712853,-0.20094292,-0.48852986,0.08224949,0.20505188,0.23183605,0.5534771,0.22569788,-0.17795338,-0.46350273,0.49162275,-0.35146704,-0.5972276,-0.056202237,0.39770538,0.35126027,-0.18198298,0.07588633,-0.17154112,-0.33682826,0.15503372,0.047594663,0.022113988,-0.08726379,0.31021428,-0.37880123,-0.22543114,-0.011593861,0.10445859,-0.14403498,0.33401993,-0.24554601,-0.45198303,-0.3726021,-0.26972964,0.2921152,0.03485374,-0.18801217,-0.10615572,-0.29689705,-0.2147958,0.05691508,-0.15256305,-0.115629435,0.022363095,-0.19303276,-0.2896756,0.18919666,-0.13856106,-0.10455145,-0.16105106,-0.21752596,0.14912638,0.19191018,-0.11174935,0.99328536,0.20046222,0.09795581,0.08025526,0.03516635,0.1975048,0.2711894,-0.18710405,0.36458722,-0.4399531,-0.7491615,-0.19089516,-0.031882077,0.11291238,0.0017518208,0.2857468,-0.25100735,-0.19177414,-0.18512501,0.48605937,-0.04493952,0.10506033,0.45970538,0.093557686,0.1694552,-0.15233412,-0.11052522,0.0049073724,-0.20659514,-0.59137,0.48658153,0.04922136,-0.008495117,0.30474883,0.22015862,-0.03390511,-0.088933766,-0.029053915,0.12416408,0.41087532,0.059269346,0.16013186,0.046046987,0.116059415,0.24226497,-0.05231278,-0.021986436,0.08820282,0.27527216,-0.4578405,0.09639983,-0.06820698,-0.33065674,0.05112665,-0.50104654,0.34542504,-0.10262936,-0.00020562067,0.09218162,-0.27731037,0.20979042,-0.5521528,-0.1343038,-0.550001,0.37617642,0.25475404,0.18527053,0.18706116,0.47030267,0.08579316,-0.26776424,-0.47511074,-0.04781766,-0.42450413,-0.49316847,-0.052545175,-0.31477898,-0.40232316,-0.10287119,0.37544042,-0.3081443,0.45115608,0.0056249066,-0.12845102,0.039794974,0.09386731,0.032991994,-0.29896194,0.11344345,-0.54275584,-1.5494229,0.34359273,0.058643408,-0.03205574,0.36400962,-0.3583845,0.07380086,-0.11866341,-0.5447275,-0.6301243,-0.19231185,-0.250281,-0.49490654,-0.011060094,0.09681444,-0.31024697,-0.11297714,-0.37397557,0.23069592,0.07958014,0.18511035,0.3485587,-0.3131554,-0.0003925857,-0.8070333,-0.07426017,-0.0053500663,-0.3250091,0.38682854,-0.16155912,-0.33133468,0.18876237,0.10728278,0.21975583,0.2836411,-0.42415166,0.19354533,-0.42673042,-0.6600533,-0.10867721,0.24136801,0.29676786,-0.13076013,0.120048195,0.110746965,-0.19380486,-0.4438677,-0.034457747,-0.21465395,-0.23153852,-0.1849176,0.26448125,-0.38839158,0.37082538,-0.54119885,-0.80465263,0.23840775,-0.21879354,0.07671609,0.21498148,0.27406517,-0.113385506,0.05032161,-0.33470574,0.059825234,0.79602295,-0.32097405,0.4885555,0.26367974,0.014802264,-0.07538258,0.39291382,0.22585125,-0.212112,0.1764347,-0.3011196,-0.49263424,0.029903905,-0.007250739,-0.43636242,-0.3116618,0.64120835,0.50281495,-0.009327004,-0.39193353,-0.3229372,-0.12731373,0.00806273,-0.27437863,-0.15532817,0.34727174,0.353068,-0.64407104,-0.09744503,0.30025172,-0.15623958,-0.029926306,0.21181627,0.059015978,-0.35595652,0.27252254,-0.2237299,-0.020914571,0.062211953,-0.28359267,-0.002461043,0.056101155,-0.08769898,0.27073154,-0.20308223,-0.030110013,0.3587046,0.30123818,0.5072799,0.042429943,-0.25299183,0.08004373,0.41293147,0.34055188,0.3160983,-0.16050892,-0.20145847,0.30942097,0.044805914,0.12449026,0.14858718,0.006896234,0.46066636,0.5404487,0.46350902,0.18877465,-0.0070853774,-0.1929021,0.016106237,0.3077729,0.42847192,-0.09191289,0.18477087,0.1536267,-0.21939272,-0.2433827,0.32377756,-0.09160774,-0.21063292,0.45123097,-0.07603564,0.1024029,-0.28845173,0.046302322,0.18009065,-0.12628853,-0.21983919,-0.33092543,0.0012824795,-0.29620475,-0.02093689,-0.289653,-0.09602355,-0.20364414,0.13620104,-0.099424906,0.17591304,0.18686697,0.23097783,0.16648956,-0.21575363,0.17243092,0.43417996,0.045817517,-0.18374552,-0.14658171,0.34391809,0.3623851,0.2748654,0.061121926,-0.1260152,-0.15669906,-0.34748605,-0.45008385,0.31328788,0.4132164,-0.027922973,0.2831808,-0.20097159,0.13614802,0.044738032,-0.0140432045,-0.20192236,-0.057671994,-0.11334086,0.06199673,0.13972674,-0.08067707,0.49046886,-0.27129135,-0.42280093,-0.024125425,-0.36591443,0.4949589,-0.14605673,-0.09539229,0.3413076,0.20426367,-0.47658235,-0.09536208,0.06743877,0.24089332,0.25907972,0.14134982,-0.26713115,0.63465357,0.06427396,-0.4452709,0.67212677,-0.030882366,0.15500566,-0.21817595,-0.7481367,-0.16095632,-0.1757979,-0.24468805,-0.25581205,-0.21085314,-0.038875747,0.14751534,-0.006255585,-0.53863996,0.45866063,-0.020791506
0.52494043,0.061694227,0.83269334,-0.15836479,0.2211694,-0.024934828,-0.06880638,0.15859894,0.043377455,-0.4350019,-0.2007973,-0.43248773,-0.251971,0.63757044,0.22251251,0.7243364,0.0036614449,0.89090776,-0.10656813,0.7499811,0.87924856,-0.11988492,-0.18303733,-0.16803142,0.39892358,0.047419243,0.14296329,0.32353616,-0.2867099,0.1327954,0.052699536,0.57936555,0.4953196,-0.120186284,-0.007869396,-0.51192576,-0.5514474,-0.44982573,0.24841873,0.22129364,-0.12699208,-0.7418383,0.26262975,-0.23147455,0.15297121,0.35116145,-0.36763638,-0.012054604,0.09349212,-0.41151783,-0.5709728,0.400024,-0.07780784,-0.22349423,0.20470946,0.7903061,0.3767687,-0.6591598,-0.31489328,0.080558196,-0.2985518,-0.2748068,-0.20723799,0.06014006,-0.45723245,-0.3698019,0.22444504,0.5955585,-0.88688934,0.35888362,-0.04276744,0.33662647,-0.0135854315,0.22769356,0.2492283,0.39600545,-0.18322559,0.3038302,0.2844433,-0.0036394433,0.018099966,0.3408807,0.89920664,0.59193665,-0.0075011724,0.63048244,0.40953034,-0.13160458,-0.47832218,0.2616446,-0.55800104,0.21939407,0.07818759,-0.078811154,1.0586363,-0.44052836,-0.8857759,-0.4243906,0.0031527453,0.106908485,0.4070435,0.0005062854,0.16927189,-0.07727399,-0.34676972,-0.16071562,-0.82561386,0.26437697,-0.13616557,0.45288712,-0.35834247,0.13433616,0.19645329,-0.8696117,-0.15643136,0.14195758,-0.026803955,0.6318517,-0.012711296,0.27968878,-0.12189173,0.3485584,0.06408649,0.34914762,0.47641084,0.64604414,0.10766905,-0.17943878,0.21053335,0.6343996,0.44546616,0.13254376,0.0925179,-0.56998324,0.18231547,-0.14070465,-0.0049812426,-0.21804161,0.22021589,-0.28165245,-0.3220618,-0.16353348,0.22370476,-0.033091873,0.5410593,-0.027186938,-0.115777895,-0.13650545,-0.092064954,-0.019812185,-0.29717222,-0.061624933,-0.027981564,-0.45417476,-0.071978584,-0.025652288,-0.38343984,-0.019676276,0.25219104,-0.28432596,0.2397388,0.4010952,-0.020477612,0.4066753,0.31080917,0.08934942,-0.028159533,0.6946446,-0.008680455,-0.30862096,0.19183467,-0.78344345,-0.049408797,0.19453144,0.46888214,0.63429826,0.38686028,0.12265079,-0.1505751,0.4139323,-0.40796018,-0.301368,0.030991962,-0.67504966,-0.036194947,-0.040261354,0.87919784,-0.54812735,0.06268913,-0.28717208,-0.66885316,-0.38636702,0.20656076,-0.05126874,0.53148675,-0.45872903,-0.22474866,0.046032418,0.0359413,0.18212457,0.1425555,0.31800836,0.1766858,-0.43567407,-0.73947453,0.14465329,0.042189617,-0.35903785,-0.57585967,0.030947926,-0.09983536,0.06190496,0.29881662,0.27490854,0.41405722,0.039580263,-0.24522743,-0.26007885,0.08014826,-0.18949755,-0.14784782,-0.10576225,-0.2500412,0.1038894,-0.55137694,1.3886478,0.3044015,-0.8840738,0.58278066,0.27002558,-0.26021546,0.48838815,-0.16793846,-0.70581377,-0.06993506,0.31633663,0.40757072,-0.17624044,-0.06095368,-0.18502316,-0.056095894,0.29791406,0.40465248,-0.40749457,0.07161082,-0.048780527,-0.009985286,-0.3712629,0.04612927,-0.23043592,-0.09726845,0.38655013,-0.071827725,-0.39087585,0.36751765,-0.016490906,0.2960039,-0.37776378,-0.47221315,0.56381714,0.47309947,0.18811463,-0.11175615,-0.13507636,0.19164829,-0.6129248,0.15609318,0.43221724,0.5718396,0.5568005,-0.5381453,0.011798336,-0.598412,0.6950904,-0.07590649,-0.35576525,-0.0057630436,-0.004576171,0.565078,-0.7408959,0.1460543,0.37792203,0.15982547,0.16036232,-0.5055231,-0.38673615,0.5316521,-0.5322203,-0.44247857,0.048314963,-0.4945658,0.29258206,-0.6241145,-0.45891583,1.0268168,0.20612825,-0.15288712,-0.24826328,-0.39981106,0.09150404,-0.7058961,0.12589511,0.1836744,-0.6086624,-0.24282187,0.50581884,-0.7297168,-0.5578082,-9.882428,-0.2789164,-0.2611527,-0.16401152,0.054699853,-0.48145866,0.3950845,0.24737796,0.2380652,0.018225798,-0.030627573,0.1595158,0.14832792,-0.44700885,-0.44596028,0.28823027,0.23014377,0.23368186,0.1495778,0.62727565,-0.10815661,-0.6162951,0.22300945,-0.34553254,0.3714222,-0.29089034,-0.44884282,0.061443128,-0.27485883,-0.2962835,-0.2011596,0.12917897,-0.4582133,1.850101,-0.5436561,-0.5164063,0.18725102,-0.42519164,-0.44922093,-0.21879534,0.493903,-0.32053787,-0.5123101,0.2913972,0.788911,-0.83811724,0.13302821,0.6478127,0.075725004,0.3134778,-0.0036159232,-0.50953066,-0.11729473,-0.74205744,-0.014316819,0.2044168,0.30572537,0.79989815,0.017583158,-0.42608842,0.26155713,-0.520264,-0.77543086,-0.21512446,-0.1272123,-0.20769358,-0.6964519,-0.70150304,-0.491774,-0.2593602,-0.6331417,0.49332267,0.009379539,-1.2426531,-0.16169016,-0.30974424,0.11043034,0.09629471,-0.31430483,-0.33016503,-0.62593645,-0.644543,0.012969271,0.37655473,-0.8032997,-0.0337029,-0.18210235,-0.15775992,0.17229591,0.3848061,0.28625363,-0.557653,0.22520897,-0.051582802,-0.14282413,-0.5234017,0.83738273,-0.46485084,0.22276136,-0.01309756,0.3027591,0.25897473,0.39605948,-0.63512236,-0.71351105,-0.021582883,-0.44612175,0.006009817,-0.003667559,-0.33770552,-0.13025127,-0.06364573,-0.42334244,-0.05098397,0.06995984,-0.13084859,-0.020948863,0.22866826,0.26903325,-0.635665,-0.75591004,0.30287534,-0.5192266,-0.73942983,0.15185693,0.20481701,-0.12702167,0.30596074,-0.5844374,-0.40957138,-0.34666106,-0.36695793,-0.043403286,-0.23175648,0.21306567,-0.35013217,-0.040686823,-0.590183,-0.110018395,0.2443185,0.32984424,0.34770602,0.32842654,0.17702968,0.45649165,-0.50748754,0.007409581,0.085702695,-0.0034044553,0.3600689,-0.5419996,-0.7120922,0.15059191,-0.16852939,-0.029336981,-0.28838724,0.38644958,0.031371377,-0.2843054,-0.5493159,0.6237092,0.0015743751,0.010374671,0.23751587,-0.300604,0.3007306,0.23097256,0.2642169,-0.04489381,-0.6916823,0.067887194,0.36140725,0.07797727,-0.28928322,0.16990498,0.44005227,0.36530793,-0.3603117,-0.0590305,0.54153496,-0.06148905,0.27577698,-0.12757534,-0.26855022,0.40055206,-0.035705913,0.059026685,0.27817568,0.52509016,0.529378,-0.43440473,0.94765615,-0.22541666,-0.48939407,-0.17822342,-0.5844306,0.41873524,-0.005744878,0.0172255,-0.03379199,-0.27319366,0.12799163,-0.41404098,0.5780403,-0.13262351,-0.0010851482,0.38783923,0.9039004,0.06710603,-0.07773313,0.037213314,-0.32871124,-0.4866011,-0.36414918,0.1126073,0.18609464,-0.591517,-0.43030888,-0.48603466,0.21646962,-0.1941183,0.20504187,0.14057301,0.16371265,0.25372186,0.18127072,0.2675453,-0.08391455,0.025739517,-0.27453908,0.32672673,-0.56289726,0.16858552,-0.07078493,0.22669207,0.06401436,-0.9070845,-0.036471996,0.28438553,-0.094719864,-0.27263427,-0.7598174,-0.50838315,-0.7712034,-0.60836506,-0.39569247,-0.20734957,0.010614941,-0.7359346,0.45286041,-0.10684456,-0.47192344,0.0342217,-0.6074956,0.34428665,-0.92932546,0.26031628,-0.11456817,-0.36945844,0.3169061,-0.5023483,0.6073899,0.053453133,0.22637962,0.18008943,0.36003876,-0.06616442,-0.10108014,0.1266573,-0.23446546,-0.47100124,0.004420889,0.34171292,-0.25828013,-0.69077855,-0.37330127,-0.4340234,-0.27989566,0.07544613,0.014731559,-0.3542735,-0.24453029,0.297435,-0.1307885,0.016104653,-0.011100036,-0.050441265,-0.099978425,0.21080199,0.20794451,0.017821651,0.4882225,-0.32578263,-0.05291653,-0.38872635,0.32865238,0.4133789,-0.027735483,0.094275646,0.18889041,0.30202234,0.19097514,0.53734857,0.3623304,0.27048206,0.070909515,0.34601876,-0.18174534,-0.34876892,-0.2943506,-0.16949618,-0.21974668,0.67955947,0.6896861,0.102936104,0.07072409,-0.11431368,-0.018230295,-0.575355,-0.060796108,-0.27363274,0.52548605,0.45789,0.22567792,-0.29280242,0.41783032,0.0555794,-0.19573128,0.31601638,0.30050826,-0.06088604,0.10300087,-0.14563319,0.35955277,0.20239367,-0.32905772,-0.01604498,-0.18281433,-0.15325068,0.24738774,0.27305365,0.22381741,-0.40617776,-0.21657223,0.1447745,0.2506435,-0.6148479,-0.06508652,0.47629383,0.37937936,0.4108993,-0.19961192,0.07081394,0.32270104,0.2720216,0.038368654,0.55547327,-0.029750314,0.25315046,0.40473896,0.23991334,0.4207495,0.1405516,-0.49309555,-0.6748267,0.07663586,0.12769772,0.23546436,-0.048382282,0.27134222,0.21014337,-0.10178548,0.39313644,0.08820378,0.08328149,-0.03884102,-0.29902688,-0.3494312,-0.01784194,0.31688806,-0.42259043,-0.064375155,-0.3812068,-0.19907452,-0.044345424,-0.58735263,-0.060331278,0.2066995,0.16719231,-0.366278,-0.07147372,0.03480984,0.37062478,-0.17563257,-0.5201403,-0.46788275,-0.017465588,0.33645898,0.24756007,0.0327275,0.22526851,0.004820185,-0.36774924,0.04426573,0.27409822,0.13122833,-0.16406693,0.1582798,-0.7976172,0.006064142,-0.13484706,0.047045454,0.007732208,0.13804512,-0.17489564,0.16110072,0.3276688,-0.07731474,-0.27330348,0.071241066,0.15862004,-0.87240225,0.4921195,-0.0193129,-0.20154181,-0.63402593,-0.11114387,0.16465808,0.5065596,0.121607415,-0.40972134,0.46433395,0.107271984,0.18709798,-0.42576125,-0.5648535,-0.42881662,-0.058337215,0.11303976,0.10106182,-0.6114347,0.55890334,0.1138825,0.103221685,-0.34669206,0.31245086,-0.3017526,0.16745934,-0.66701514,-0.3491673,0.07149328,-0.033252712,-0.44818297,-0.33075607,0.21375059,-0.14067662,-0.39218506,-0.375132,-0.14203683,-0.16706677
0.6579696,-0.1918884,0.35373077,0.30172002,0.59135187,-0.32681134,-0.50237834,0.8663925,0.10003559,-0.05610754,0.16186543,-0.3955186,-0.10421858,0.18430513,-0.24572313,-0.04119647,-0.35677806,0.50616,0.3053707,0.2785828,-0.05776674,-0.0067167496,0.013048501,0.024772678,0.11376977,-0.20999779,0.19166374,0.13754518,-0.29625598,-0.007846169,0.3975543,0.47347173,-0.13287513,-0.04521941,0.123579875,-0.3225058,-0.24490963,-0.08020342,-0.36469272,-0.00021136523,-0.318596,-0.20384109,0.29239944,-0.26961407,-0.20715378,0.21769907,0.11891242,-0.48563328,0.107017644,-0.21503107,-0.6039135,0.1897485,-0.36752275,-0.16718026,0.4771878,0.31551114,-0.22610138,-0.3427666,-0.2207243,0.120718546,-0.24272074,-0.15714327,-0.3029879,-0.33097932,0.34624237,-0.021703249,0.002359681,0.23222366,-0.40472493,-0.2759602,0.338429,-0.3885465,-0.21439184,-0.24406485,0.07388728,0.29940403,-0.17535262,0.1936659,-0.007657054,-0.26785323,-0.2037803,0.7442911,0.07428622,0.15784034,0.46533436,0.4684369,-0.506613,-0.017044246,-0.273003,0.4672285,-0.21991962,0.0070816083,0.10630498,-0.17128746,0.20034763,-0.22264759,-0.089396544,-0.16086604,-0.31624243,0.33477363,0.62890077,-0.7378015,-0.29703352,-0.5469102,0.09370667,0.03556448,-0.067724675,0.19097929,0.23856707,0.30535865,0.21710369,0.37415636,0.066548884,-0.07846899,-0.29849935,0.39795902,0.09847476,-0.04097733,-0.09738766,0.20117489,-0.20703317,0.39376667,0.06633383,-0.051746644,-0.18394223,0.4226205,-0.046392288,-0.31931058,-0.24287273,-0.36465472,0.28880343,0.51518,0.38637927,-0.5629992,0.03511569,-0.15119095,-0.18865517,-0.118118316,-0.15402175,-0.56254494,-0.11751051,0.34905595,0.19205394,0.018615045,0.10841003,0.45631862,-0.017276328,-0.45264962,-0.21128237,0.055654105,-0.52760375,0.3877123,-0.19875623,-0.1034015,0.022238823,-0.119046,-0.5136741,0.075666845,-0.053894877,-0.07209183,-0.32766926,-0.0531237,-0.19840269,0.4146937,-0.056976665,0.071659386,-0.22511637,0.45653516,-0.008920763,0.032377783,-0.070308656,-0.04012295,0.042952914,-0.24631768,0.48116654,-0.14551911,-0.17632791,0.23012426,0.33993825,0.46509093,-0.5225293,0.41799533,0.2596504,-0.3075494,0.16499084,0.03553735,0.6885137,-0.2231517,0.4186897,0.16919434,-0.35777104,-0.107691295,0.022517381,-0.08505,0.111606866,-0.19513239,-0.19822073,-0.32199374,0.034379385,-0.153013,0.1312736,0.3163214,-0.0927513,-0.10270333,-0.46430898,0.2544299,-0.11094785,-0.14148206,0.1122128,0.1933659,-0.14173019,0.15838853,0.15179402,-0.30084333,0.059917036,0.18697605,-0.010761436,0.2545906,0.063028105,0.07545671,0.2129695,-0.29256782,-0.2991394,0.29456484,-0.0910106,0.8545709,-0.12353176,-0.13716817,0.43815884,0.042679053,-0.22790344,0.002546716,0.3996637,-0.19640905,0.14099301,0.05512942,-0.5256207,-0.5817717,0.102847785,0.5296949,-0.02693723,0.33782724,0.3721037,0.2323768,-0.12469997,-0.02412371,-0.19371368,-0.25419083,0.26502484,-0.3903156,-0.41992405,0.038531777,-0.31550315,-0.61849135,0.35375986,-0.043701123,-0.26154602,0.024718711,-0.12035999,0.10506774,0.14566198,0.17684808,-0.35598564,0.34689328,-0.03918875,-0.37026623,0.27415067,0.20603141,0.06569617,0.13634355,0.11454122,-0.054222453,0.04342592,0.24345936,0.21706872,-0.19788373,-0.1267768,0.29533935,0.057224594,-0.21046509,0.38023624,0.32536888,0.020880843,0.0715547,-0.459179,-0.28146958,-0.069722265,0.1287567,-0.283103,-0.27671278,-0.35475472,-0.11594891,-0.2898943,-0.14773257,0.61628574,-0.042878337,0.32703182,0.10208672,-0.4136293,-0.3717681,-0.010773325,-0.15054767,0.24630672,0.2449896,1.06501575e-05,-0.105225064,-0.13713756,-0.55213064,-9.063384,-0.17171668,-0.16903959,0.016496323,-0.12908691,-0.18500894,-0.06429044,0.008125551,0.16554914,-0.06020956,0.12330399,0.03268952,0.05711063,-0.2480986,-0.13900986,0.15562727,0.42427364,-0.06442253,-0.021194397,0.2639407,-0.07241967,-0.06146893,0.36613342,-0.050846588,0.10025424,0.7006172,-0.17110845,0.062258393,0.20273851,0.109476805,-0.24272095,-0.18201612,-0.5403676,0.9378262,-0.13359432,-0.14808443,-0.2748147,-0.40551198,0.085052855,0.15028886,0.2796624,0.12344625,0.07654562,-0.07275179,0.62391615,-0.48261914,0.15306684,0.3106124,-0.31045264,0.41116723,0.017070998,-0.05116339,0.2774696,-0.29531196,-0.059000958,0.0013450229,-0.028371388,0.9396812,0.15777113,-0.34027866,0.2342408,-0.51632386,-0.49476594,-0.2703402,-0.30548823,-0.087943405,-0.11971651,-0.54689103,0.063578956,-0.080662936,-0.16243385,0.5011541,0.10853001,-1.7711363,-0.09314363,0.11089897,0.03200286,0.32061157,-0.16627745,-0.24663645,-0.24414934,-0.021266373,-0.31958535,-0.035380267,-0.46515292,-0.46637723,-0.029946608,-0.24204133,-0.13784558,-0.09262079,0.578551,0.2951697,0.027643686,0.13979426,-0.01867888,-0.29792023,0.74042046,-0.41578293,-0.41743907,-0.14894156,0.05044242,0.2223659,0.013205247,0.0013058615,0.11779835,-0.18396193,0.22753899,-0.23277986,-0.093288206,-0.016975587,-0.09392037,-0.5536507,0.124635555,0.030950595,-0.5500952,-0.104109086,0.33554474,-0.27672303,-0.19703536,-0.08638474,-0.08118562,0.32486436,-0.27013785,-0.3419386,0.1718401,-0.1868491,0.06001491,0.4495333,-0.12534603,0.08687135,0.58993137,0.058307152,-0.44115457,0.0310616,-0.23159018,-0.24176425,-0.122642115,-0.33492148,-0.031817175,0.1928403,-0.011327011,0.4674987,0.42449874,0.57592225,-0.34236243,0.094028026,0.06749415,0.11821952,-0.29024503,0.12262662,-0.673443,-0.5824959,-0.033203553,0.055273827,0.2514424,0.18271782,0.6306185,-0.25728446,-0.22549962,-0.84705734,0.1184296,0.09569578,-0.12609963,0.5877148,0.19411671,0.18605785,-0.14866164,0.17246303,0.12567031,0.4599216,-0.17333847,0.40759677,-0.066746496,-0.019072607,0.48559403,0.48731038,0.09504537,0.16315773,-0.28044203,-0.09905526,-0.2251659,-0.21954797,-0.052294157,-0.15531324,0.32074547,0.001292912,-0.022090089,0.15499935,-0.22599031,0.17427614,-0.4334839,0.15828773,-0.16380501,-0.31002104,-0.032481905,-0.66492295,0.5953021,-0.48557532,0.12777388,0.5081181,-0.008204697,-0.0036001932,-0.60385585,0.37519416,-0.28279263,-0.17583902,-0.09835554,0.36739907,0.07485969,-0.0070144404,-0.3543231,-0.04269205,-0.015308308,-0.3343948,-0.19697148,0.07248741,0.026090333,-0.2856844,-0.37529317,0.41869986,-0.11835246,-0.08635977,0.2174039,0.13177545,-0.1322744,0.0036742655,0.020146795,0.10316287,-0.27107045,-0.045035407,-0.09897982,-1.2868698,0.10840929,-0.15224019,-0.17827949,0.21383268,-0.0052543306,0.020976419,0.03701088,-0.38533825,-0.67100424,-0.637262,-0.24712358,0.07048683,-0.68053925,0.07364524,-0.17096977,-0.026648872,-0.17921704,0.14015663,0.19908965,-0.1103092,-0.4203802,0.10492867,-0.12098267,-0.49757585,-0.3502447,0.38137764,-0.1737476,0.6328633,-0.19204113,0.17702475,0.38536307,0.14677359,0.07687721,-0.09229478,-0.17721127,-0.08829744,-0.11768117,-0.324225,-0.04070936,0.028993757,0.31887904,0.38133448,0.24245682,-0.04002205,-0.30024984,-0.74743164,0.017444242,-0.025810324,-0.042135574,0.030653687,0.43751064,0.0823664,0.0933716,-0.49246094,-0.5743004,0.65359044,-0.21637425,0.08630547,-0.09671982,0.391611,-0.16435619,0.0236278,-0.019132145,-0.005533838,0.7599398,-0.6063365,0.13120268,-0.122733854,0.152781,0.24716797,0.23138392,0.2606152,0.15705547,0.12351748,0.04979605,-0.42345262,0.34065685,-0.1195859,-0.7193235,-0.27328408,0.48786002,0.4105411,-0.12569804,-0.3387407,-0.13190933,-0.38648757,-0.6992267,-0.10905964,-0.047899045,-0.14612567,0.28869563,-0.18681778,-0.07711752,-0.31760743,-0.07595078,-0.2743852,0.15961742,0.17233507,0.16649827,0.10598439,-0.19065271,0.16953476,-0.31970558,-0.42377025,-0.1476977,-0.42416003,-0.039217215,0.21792702,-0.1326241,0.050479054,0.23493336,0.15796858,-0.13825999,0.09103377,-0.19143824,-0.12929158,0.8686359,-0.012062753,-0.07624278,0.05337783,0.005226331,0.23707943,-0.0136086205,0.20069288,0.2998039,0.010908818,0.1578827,0.598324,0.32415733,0.060658995,0.0038336813,-0.41787514,-0.093852416,0.38333878,0.12031393,-0.21884862,-0.10889687,0.2979982,-0.14418696,0.28529552,0.17971247,0.11432344,-0.019570537,0.5461844,-0.18784627,0.06318136,-0.34879735,0.20358285,-0.18741474,-0.13518427,-0.15126279,-0.12209125,0.47205603,-0.7060809,0.007880692,-0.38856277,0.11029467,-0.11849043,-0.36209083,-0.14406727,0.21559769,-0.19434467,0.2327712,-0.22084783,0.097464524,0.059935845,-0.033853415,-0.20492572,-0.12627399,-0.35390517,0.24629936,0.41102886,-0.14534493,0.05439717,0.027834367,0.6677168,-0.46179074,-0.3505389,0.30124533,0.745233,-0.06854186,-0.32258582,-0.25793448,0.14991951,0.21213627,-0.06715791,-0.023387635,-0.3079425,-0.21805988,-0.7310658,-0.158479,0.06765864,0.4194759,-0.27610758,-0.13486183,-0.080626205,-0.17780139,0.14891443,-0.08176401,0.42271045,0.2222842,0.18358123,-0.5973322,-0.41867116,0.3106491,-0.121261664,0.32478294,0.09551866,-0.19356617,0.33710757,-0.17798749,-0.17494085,0.3215079,0.06392833,0.25584465,-0.33485663,-0.61929214,-0.11034194,-0.34621516,-0.3167114,0.027562983,-0.055196732,-0.32270867,0.55888194,-0.30403456,-0.5689399,0.28503728,0.108325034
0.1003151,-0.4383713,0.23200235,0.018879227,0.49743593,-0.0066872924,-0.1386345,0.25794482,-0.22755247,0.015641004,0.22132146,-0.19873631,-0.11274023,-0.13353093,-0.17435828,0.48995402,-0.05431718,0.14562142,-0.37668243,0.25207502,0.44436535,-0.19803801,0.05443706,0.00877987,0.080751516,0.14517766,0.14600581,0.22029305,-0.34909546,0.37120068,-0.06375235,0.45645022,-0.07610987,-0.39755517,-0.109612964,-0.188104,-0.3525877,0.44256264,-0.017155178,0.35413325,-0.2566206,-0.58917624,0.24342443,0.2738347,0.088024385,-0.018348023,-0.022781754,-0.35298446,-0.5297809,0.07211866,-0.6249021,-0.26726195,-0.13024573,-0.24393217,-0.18035464,0.55315,0.15219994,-0.8061215,0.43600118,0.22443588,-0.2567023,-0.245755,0.014246991,-0.24856028,0.112348795,-0.36329782,0.18043673,0.1442625,-0.43656912,0.71043134,-0.11846546,0.30605733,-0.049692515,0.11667883,-0.079483956,0.021865886,0.118484646,0.3264712,0.054432634,-0.31505278,0.07474098,0.35365292,0.40992108,0.18209797,0.62673426,0.24996574,0.051684283,-0.073958784,-0.059571914,0.5109867,-0.30422786,-0.0777186,-0.025190497,0.29417172,0.45910048,-0.2779884,-0.80215347,0.10812987,0.47224292,0.2726759,0.18050784,-0.4075108,0.07018044,-0.0555893,-0.5189281,-0.40869212,-0.48802513,0.60987437,-0.15703237,0.06325022,-0.027858637,0.13584843,0.7219953,-0.4272589,-0.14319807,0.08719017,0.09210101,-0.044035446,0.16879185,-0.071515545,0.108931035,0.4452833,0.23107538,0.5578098,0.43225566,0.43492478,0.005296729,0.011726259,0.40869913,0.65498346,0.23900402,0.423301,-0.04024562,-0.013667402,-0.028362574,-0.056242064,0.14532766,-0.35028952,-0.26722056,-0.5688628,-0.263998,0.039827973,0.3188916,0.47151524,0.52949303,0.05544696,-0.2715276,-0.15920714,-0.16488186,0.46716297,-0.26680684,-0.14196558,-0.40534922,-0.08484418,-0.6430513,0.2682706,-0.31742868,-0.074869424,-0.05550063,0.21537991,0.36081946,-0.15782143,-0.2673232,-0.021040702,-0.020246727,-0.26265994,-0.07902178,0.23351869,0.15232135,0.08052156,-0.019722857,-0.53578085,0.056500576,0.1372425,0.104663536,0.41862285,-0.2733481,-0.12789029,-0.35367697,0.7434513,-0.45201236,0.26448354,0.1913685,-0.41842097,-0.21917494,-0.03420161,0.50062865,-0.34008408,0.19503784,0.054840297,-0.28987166,-0.50568956,-0.17922635,0.09689337,0.4097472,-0.20434585,0.26984212,-0.21559942,0.2490374,0.28053874,-0.04705278,0.19336,0.07912878,-0.17936724,-0.16565017,0.3911182,0.0020207732,0.11653689,-0.38069272,0.03661293,0.27766946,-0.14469142,-0.26335606,-0.070574634,0.5490616,-0.19021137,-0.07759503,-0.39692375,0.44076088,-0.014277782,0.08403215,-0.5283908,0.07740762,0.06472245,-0.09601433,1.6205735,0.32779747,-0.36920893,0.6514383,0.10325675,0.0631082,-0.10989713,0.3704528,-0.24372062,-0.24218182,0.015325828,0.090652086,0.16118175,0.37733716,0.10236075,-0.6188975,0.4678982,0.39034376,-0.2390801,-0.09998433,-0.18174745,-0.22052424,-0.473847,0.13595852,-0.11669237,0.079882964,0.060889296,-0.033614308,-0.22252315,0.25220576,-0.13227968,0.23737991,-0.4619672,0.13487287,-0.20947103,0.012890399,-0.20952635,0.21840954,-0.0034065968,-0.14681554,-0.35552838,0.37420177,0.17154562,0.41271317,0.13423762,-0.07349758,-0.119048096,-0.412901,0.27568746,-0.14071111,0.004411183,0.19368145,-0.03927151,0.09355393,-0.6145661,0.020865902,0.18504634,0.35854778,-4.9495102e-05,-0.5392859,0.1640973,-0.12410407,-0.2831721,-0.053396475,-0.60069555,-0.17872421,0.3363778,-0.29642245,-0.2644513,0.7020992,0.1667231,-0.18758391,-0.07826002,0.046824325,-0.6043541,-0.08027141,-0.014782396,0.06858019,-0.22942987,0.18721375,-0.111742124,-0.5463268,-0.33762223,-11.035839,-0.47723693,-0.2725633,-0.21160902,0.29422754,-0.15305275,-0.18437643,0.021167662,0.21989228,0.21741286,-0.0117968405,-0.17345844,0.18372624,-0.34280002,-0.1671172,0.20337352,0.37280574,0.05411122,-0.08126244,0.084294856,0.096270144,-1.0893087,0.21078238,-0.19268207,0.1056708,0.20350176,-0.09908496,-0.021488808,-0.21989861,-0.4268725,-0.4433648,-0.22887024,-0.17828844,1.5461732,-0.2547167,-0.30574137,0.09397932,-0.101569034,-0.05819641,0.13578844,0.2998997,-0.14198397,-0.14738478,0.47770455,0.69063157,-0.14381629,0.21096978,0.2709174,-0.37886342,-0.14365739,0.015860066,-0.3795657,-0.020279601,-0.3556077,0.035179585,-0.0391222,0.055083,0.5367687,0.1208051,-0.39268082,0.29588655,-0.10518497,-0.42125365,-0.24320151,-0.08855574,0.06711559,-0.7338086,-0.7727883,0.16443293,0.10149892,-0.6652338,0.19671166,0.2799881,-1.574039,-0.22725785,-0.06266571,0.018359916,0.34314755,-0.43152663,-0.04514968,-0.58960843,-0.31632644,0.06644628,0.30838618,-0.2535776,-0.067598864,0.09930673,-0.46991074,-0.00934972,0.26266304,0.12348846,-0.17682093,0.12396498,0.49688408,0.21082318,-0.3976679,0.3539339,-0.42795235,0.22755402,-0.15534335,0.2939144,-0.005346109,-0.14442429,-0.5491941,-0.12951261,0.24575473,-0.4480663,-0.21382776,0.27528685,0.052535936,0.2027773,-0.403214,-0.19556743,-0.033074778,-0.045743886,-0.3745526,0.20303535,0.31277305,0.062764704,-0.72049135,-0.75501287,0.27085477,-0.55552155,-0.62830794,0.25487882,0.0070250696,-0.35395008,0.19672006,-0.97483116,-0.57252985,-0.0981856,-0.35974392,0.29291737,-0.27832222,-0.19954829,-0.19534113,-0.37506676,-0.14608477,-0.31002995,-0.077344716,0.25515413,-0.05260485,0.41212377,0.5703988,0.17979623,-0.19420147,-0.15605403,-0.0093612345,-0.040775277,0.2030919,-0.21009037,-0.85911554,0.12397033,-0.3654924,0.15328583,-0.16795589,0.46890166,-0.374024,0.082390696,-0.27836898,0.528074,-0.16778375,0.057361916,0.47212276,-0.113944806,0.22298504,0.046299156,0.2379139,0.30700728,-0.15090817,-0.17473787,0.1864781,-0.2561236,-0.080667675,0.08804189,0.27379116,0.14207898,-0.37100574,-0.34111732,0.4258026,0.07655543,0.28840035,-0.026394855,0.4726693,0.8279484,-0.115129754,0.11787779,-0.033163425,0.22224686,0.025252901,-0.4015897,0.27745855,0.066045664,-0.044814143,-0.15284702,-0.6040415,0.2775745,-0.037127543,-0.23819977,0.3184377,-0.4438118,0.02973234,0.17501655,0.34491035,0.06714985,0.11579541,0.1207084,0.57830656,0.031354643,-0.3884553,-0.042962343,-0.29978552,-0.100309275,-0.32345495,0.2363199,0.21738605,-0.06330157,-0.33258888,-0.26125252,0.027649889,-0.37751815,0.10391998,0.083146594,0.015156243,-0.029751785,-0.25551146,0.26360855,0.19896162,-0.30596912,-0.14529523,0.1338217,-1.6555973,0.20808211,0.2593707,0.033738293,-0.14015184,-0.31376016,-0.09331226,-0.09902487,-0.3477907,-0.32516545,-0.92066216,-0.29972705,-0.51278883,-0.737837,-0.048805233,-0.28503907,0.040902425,-0.5827027,0.41879058,0.38364756,-0.256028,-0.44672975,-0.3756525,0.37415433,-0.527934,0.31188494,0.009687933,-0.3965686,0.31950453,-0.53402543,0.07179576,-0.065867074,-0.5070607,-0.21252541,0.39543617,0.04028499,0.18778637,0.24767795,-0.14337324,-0.25254527,-0.40224358,0.10274036,0.35083938,-0.5375817,-0.48583165,-0.50209665,0.124959104,-0.019639652,-0.18843815,0.07759275,-0.08924589,0.38882804,0.16699296,-0.23501691,-0.26329187,-0.14317408,-0.2808051,0.26072887,0.20455748,0.12692812,0.24685192,-0.17847942,0.1358937,-0.25063837,0.37739915,0.40194336,0.24493611,-0.13119484,0.0071976357,0.44761008,0.25952882,0.6153117,0.33259702,0.21137676,0.25729945,0.017299175,-0.5210528,-0.23668426,-0.12156588,0.11435843,-0.050963845,0.6319984,0.48908043,0.13015519,-0.5039904,-0.012747851,0.21116075,0.029981704,-0.16158158,-0.1378805,-0.15048671,0.8022927,-0.0019789785,-0.30009657,0.40218133,-0.35826337,-0.5532181,-0.3034948,0.5345484,0.15471038,-0.21500403,-0.2908303,0.04831684,0.46132487,-0.07758858,0.21963495,0.0049021523,-0.35064587,0.22704428,0.06164006,0.3087105,-0.45911294,0.20781115,0.05071867,0.041205633,-0.0028187018,0.45931226,0.39055023,0.4438997,0.050302908,0.20829168,-0.17629112,0.08587251,-0.08724206,-0.05855232,-0.08812217,-0.099640206,0.25113645,0.57084554,0.47160655,0.40145686,0.14009395,-0.7827717,0.0027564832,-0.28226256,-0.111357115,0.19555187,0.02936026,-0.03506805,0.106549695,0.045272652,0.24156094,0.55664396,-0.049000468,0.07811098,0.15785451,-0.07760481,-0.49619168,0.3398888,-0.53525305,-0.08415591,-0.15523046,-0.26619983,-0.06251969,-0.7211779,-0.18666913,0.14724487,0.012215388,0.0018889562,-0.31461403,0.15498915,0.28659177,0.053855177,-0.0665427,-0.37712237,-0.05992206,0.10175528,0.574716,-0.19884606,0.3568787,0.0298879,-0.33746547,-0.52566093,-0.1589874,-0.038230125,-0.257392,0.48630783,-0.75488394,-0.22136265,0.1951098,0.39997756,0.058858346,-0.12030973,-0.16715355,0.46682796,0.098819435,-0.14562854,-0.19035773,0.4258814,-0.24182945,-1.1436374,0.22064249,-0.47381938,0.25160232,0.43310833,0.027554544,-0.079534575,-0.1967586,-0.21469094,0.01852455,0.5570309,0.43604493,-0.26283196,-0.08634999,0.10486343,-0.03421891,-0.17463757,-0.046018347,0.001205759,-0.6565358,0.2524015,0.16876861,-0.13131814,-0.21335253,0.111232474,-0.075300634,0.027011843,-0.45362368,-0.33910218,-0.25739318,-0.14302413,0.05675903,-0.2636651,0.019636504,0.3259918,-0.25342765,-0.25278872,-0.06301867,-0.090411246
-0.21538477,0.04902954,0.3793434,-0.2305565,0.8270174,0.5614897,-0.022873206,0.27144074,0.14043781,0.06964443,0.047987472,-0.08910115,-0.46273014,-0.11593396,-0.12583165,0.7545688,0.59818166,-0.057820197,-0.18281731,0.42139533,-0.027104102,0.2855039,-0.104630366,0.1741961,-0.055052932,-0.037774112,-0.029342055,0.61596584,-0.16891862,0.49965215,-0.18941694,0.21279459,0.39088073,-0.09956278,0.06086023,-0.16792251,0.097639896,0.016167603,-0.3526036,0.028974047,-0.04032332,-0.33853695,-0.29837838,0.084203795,0.15682328,-0.41557658,-0.05876758,0.4599234,0.23096417,-0.15905318,-0.38558185,-0.19452551,-0.060772628,-0.85452545,-0.4519603,0.4967944,-0.2512709,-0.61048514,-0.039399315,0.553241,-0.23435348,0.24596901,0.079300486,-0.26865712,-0.0794532,0.411552,-0.4380951,0.45597172,-0.68816596,-0.014036571,-0.2543898,0.26619387,0.38791224,-0.0022853129,0.31230247,0.27761117,-0.37847573,0.7303901,0.20276105,0.48185936,0.17448975,0.075956434,-0.04311601,0.45041457,0.22020593,0.29372358,0.16637176,-0.085666634,-0.18973775,0.7186893,-0.13207604,-0.34394497,0.23481573,0.39793846,0.35997868,0.14772004,-0.8719932,0.05162573,-0.14250116,0.015185313,0.20773889,0.32802293,-0.12230104,-0.16676304,-0.32180667,-0.38895386,-0.7117307,0.6013051,0.49725422,-0.16009432,0.11631274,-0.07455988,0.08090839,-0.35426667,0.057410426,0.6109077,-0.20830739,-0.3109398,-0.07399296,-0.3243188,0.05797635,-0.337738,-0.018092308,0.15765104,0.18247981,0.22845909,-0.01761532,0.026276382,-0.5829887,0.9025037,-0.8089298,0.23636848,-0.2250283,-0.046497636,-0.097352035,0.44187987,0.023190595,-0.28403062,-0.14415286,-0.19365363,-0.48671,0.6649424,-0.28041494,0.07221866,0.2927824,0.06332279,-0.25517234,0.033603434,0.05793759,0.14391991,-0.3722908,-0.3328464,-0.33918354,0.21888602,-0.36175883,-0.2019162,0.1320638,-0.168196,-0.0765979,-0.41026264,-0.15483542,0.059155803,0.4509923,-0.16365127,-0.08138448,-0.52615666,0.030299984,0.2804168,-0.23727643,0.13833943,0.8063941,-0.20364729,0.008292806,0.17584582,-0.16444324,-0.04152739,0.10268807,0.2572232,-0.020247415,0.37982082,-0.44773373,0.6722492,-0.2927769,-0.3960044,0.61658305,0.5816403,0.36047256,-0.06969431,0.4651662,-0.035305966,-0.4860813,-0.55468196,-0.50369,-0.6755022,0.116660416,-0.41368404,-0.35434508,-0.5595027,0.06368848,0.13281697,0.16091026,0.053107463,-0.7089733,0.122373655,-0.020111967,0.60372835,0.1505665,-0.13880421,-0.42832467,-0.0012658217,0.10873403,-0.34094194,0.44688115,-0.07900864,0.4208868,-0.21846676,0.05260973,0.14128354,-0.015977874,-0.1323148,0.057287477,0.059175078,-0.028291471,0.41246328,-0.22795856,1.1290655,0.628154,-0.102493465,0.60349464,-0.32668525,-0.6881741,-0.49905622,0.42367,-0.5914626,-0.7976339,0.039856695,-0.3350984,-0.62423575,-0.60289866,0.26994124,0.05023421,0.36375132,0.44365633,0.19672361,-0.2051378,-0.3353921,0.061920337,-0.25913173,0.43559796,-0.40050292,-0.52496713,-0.023924965,-0.2779412,-0.06368811,0.13125855,0.11697297,-0.09598901,-0.021506077,-0.47351307,0.10893049,0.22935173,0.06204808,0.01763017,-0.17382158,0.33412024,-0.078613445,-0.007565098,0.4524593,0.4223032,-0.4534836,-0.16877808,0.29404536,-0.33503777,0.4528637,-0.2652123,-0.016289756,0.25487268,0.10680978,0.025303025,-0.088391244,0.33896697,0.34632504,0.39760464,-0.15055622,-0.32494777,-0.16868082,0.5273933,-0.5575892,-0.17898169,-0.546348,-0.31735998,0.5810872,-0.28671265,-0.06670949,0.6196918,0.14402208,-0.023380967,0.0011867149,0.3318518,-0.03497741,-0.46850625,-0.3341368,0.05690922,-0.21891308,0.58958143,-0.16922447,-0.66895556,-0.38150874,-9.551747,-0.21289608,-0.7897013,-0.43359944,0.9446577,0.27365735,-0.14833039,-0.0131512275,-0.29183993,-0.021761522,-0.79288435,0.12819016,-0.51236886,-0.08231101,-0.4072012,-0.40281048,0.29000288,-0.35841644,0.12304191,0.14996809,-0.238475,-0.67013884,-0.022011023,-0.20494288,0.7386577,0.7502585,-0.03310201,0.029493151,-0.25225148,-0.05753638,-0.07059185,-0.6883806,0.21540968,0.5325088,0.46949357,-0.29887447,-0.12150896,0.0145233115,-0.49117455,-0.22793707,0.5363067,-0.7075538,0.3261824,-0.058432437,0.9207293,-0.39758056,0.6899057,0.23930098,-0.3396229,-0.19960424,0.3645472,-0.031384006,-0.013107029,-0.57895994,0.40139294,0.21967112,0.27287522,0.46737775,0.13157691,0.028138766,-0.12733175,0.10494358,-0.4377153,-0.41945046,0.20771715,-0.15584123,-0.7666282,-0.40493995,-0.1568901,-0.13292566,-0.81404555,0.21481869,0.058728438,-0.98567575,-0.14611131,-0.11399995,-0.4920393,-0.18212624,-0.31006873,0.0129034035,-1.0119915,-0.46485466,-0.7234988,0.92659307,-0.5917427,0.09704427,-0.22642678,0.03601831,-0.29546183,0.12338259,0.31857088,0.11380305,0.39302856,0.08169882,-0.30293977,0.4276259,0.17209634,-0.014461832,0.5668001,-0.21519834,0.23478046,0.019201718,-0.03608582,-0.85252863,0.43830383,-0.505974,-0.21985647,0.12071603,0.4139908,-0.5403107,0.21240357,0.032271277,0.120488636,-0.32387376,-0.63376623,0.12309633,0.020266803,-0.008571893,-0.18712686,-0.6537612,-0.8188245,-0.12821856,-0.5932803,-0.5905267,-0.24136367,0.84460485,-0.2963609,-0.054097123,-0.5323151,-0.13968773,0.1908921,-0.08381819,-0.028149681,-0.70122266,0.53656167,0.26720315,-0.22900628,-0.27506146,-0.7408546,-0.4626717,0.5309767,-0.28787288,0.12393645,0.38856325,-0.0038292632,-0.44673854,0.005399061,-0.12744659,0.2550763,0.79346246,-0.02995693,-0.6274112,0.3743217,-0.14638764,0.37110588,1.0269554,0.8836878,-0.29389215,-0.09114644,-0.25539285,0.48633578,0.07749935,-0.3272125,-0.026676733,-0.34050003,0.3572377,-1.037492,0.26686648,0.187992,0.079063,-0.38841388,0.4404503,-0.7142934,0.06871606,0.110271424,0.29292232,0.36536676,-0.14310843,-0.4064601,0.4350866,-0.09857258,-0.004845838,-0.1724214,0.5070946,0.44820675,-0.54023993,-0.2408854,-0.13411108,0.043898024,-0.22478661,-1.3188623,0.373638,0.036470756,-1.4667451,-0.25177994,-0.42468658,0.28744,0.14940168,-0.19571966,0.83317465,-0.55086434,0.21382982,0.24641275,0.15731525,-0.5291419,0.015881374,0.032718614,-0.13205826,-0.021905867,-0.70693505,0.12917262,-0.605266,-0.5192269,0.557493,-0.33968472,0.007798457,-0.06881207,-0.43382022,-0.97117394,-0.50168455,-0.46325666,-0.19527729,0.05090538,-0.2815151,-0.45846206,-0.25542295,-0.043987565,-0.24515599,-0.63286585,-0.3510579,-0.3874258,-1.8358283,-0.3039569,-0.030954974,0.20412649,0.35351208,-0.5321317,0.0072517465,0.35726437,0.74542105,-0.113325395,-0.45656583,-0.23732628,-0.7195764,-0.54492927,-0.30367994,0.30131438,0.076770455,-0.5152628,0.56725794,-0.17532961,-0.32461122,-0.51231384,0.08493508,0.4224642,-0.3375851,0.6774371,-0.09539214,0.020224495,0.05473126,-0.49719274,0.24878605,-0.13633706,-0.427019,0.08334508,0.2790083,-0.3797628,0.5236263,0.14944857,-0.51257944,-0.10648881,-0.72874784,0.52211654,-0.3423485,-0.7536075,-0.19274841,0.6384549,0.37984756,0.3475388,-0.19881181,0.33101642,-0.16033836,-0.029181724,0.41006213,-0.261226,0.041981164,0.15779264,-0.18350784,-0.25846756,0.27406722,0.22881065,0.41805118,-0.5228806,0.59175414,-0.13278568,-0.046991736,0.43509346,0.6620676,-0.04660761,0.7064334,0.033560798,0.41975775,0.45373946,0.19372544,0.28111663,0.6015955,0.06883811,-0.12736563,0.12900476,-0.13397665,-0.41052815,-0.80235654,0.36115044,0.8169673,0.44366622,-0.20004764,-0.3748346,-0.17732504,-0.2344223,0.119042434,0.100549534,0.29470208,0.26857188,0.034851,-0.17812634,-0.4685884,-0.13171901,-0.6670819,-0.12815744,0.7537934,-0.00428047,0.014336649,0.4338341,0.22385517,0.3280821,0.33475783,0.46279013,-0.69244134,0.25953284,0.31175917,0.72154456,-0.21185723,-0.04164736,0.3058325,-0.004228656,-0.11771001,0.4098449,0.31352422,0.4751067,0.090232566,0.35516626,-0.043843724,0.014997877,0.16673829,-0.036231764,-0.11317931,0.16873702,-0.42803466,0.40230277,0.7332956,0.0011841792,0.4312718,0.18788563,-0.18445024,-0.54393893,-0.28727326,0.3696462,-0.57031727,0.16109452,0.19668373,0.55721766,0.03461718,0.3407139,0.38202804,0.22459297,-0.017552363,-0.22278841,-0.21974035,-0.2319616,-0.11389873,-0.17118633,0.20616771,0.26584044,-0.8461883,-0.25374335,-0.6265953,0.28122672,-0.42087635,0.036769617,-0.39683467,-0.13878451,0.40669492,0.6297139,-0.71123934,-0.33446276,0.18624096,0.20319317,0.313293,0.68423724,0.0722283,0.54247385,0.047984708,0.031286724,0.29588112,-0.14453784,0.32675022,-0.06752431,0.14254582,-0.35127154,-0.532849,0.2250757,-0.18366688,0.16636992,0.5344481,-0.3709942,0.50448257,0.39258736,-0.3578933,0.08549387,-0.698516,-0.3199763,-0.92987984,0.23170406,-0.12773745,-0.5786956,-0.8830574,-0.028707962,0.34805506,-0.29334882,-0.062374253,-0.11729373,0.2553629,0.097954385,0.22462992,-0.14835294,0.09364459,0.38309386,0.29190496,0.26674294,0.2278548,0.45064086,0.26272476,-0.44532377,-0.056942746,0.2533157,0.44165707,-0.08829346,-0.13734408,-0.44528732,0.23983923,-0.026820797,-0.82772446,0.64139986,-0.42881662,0.55125296,-0.46484637,-0.21211337,-0.6428593,0.25941366,0.27559608
0.0011762485,-0.13202871,-0.15653577,0.3167562,0.8149646,0.2126349,-0.19100045,0.9717819,0.22161388,0.11885871,0.11506672,0.21245882,0.04923603,0.51813555,-0.11049198,0.9917659,-0.16563164,0.20878683,-0.31805596,0.17672028,0.035334934,0.16321228,-0.087817356,-0.08156917,-0.25780743,-0.26473194,-0.41627043,-0.04585125,-0.4596985,0.5074002,-0.08437745,0.2519904,-0.09838383,-0.43930927,0.2765486,-0.27527553,0.14164668,-0.4858986,-0.28021675,0.2050828,-0.62113005,-0.4887669,-0.104563884,-0.079600394,0.08854757,0.28968948,0.22020742,-0.33680966,-0.010626926,-0.023310587,-1.1215957,0.22486979,-0.46989116,-0.52498704,0.051148757,0.39004147,-0.4130126,-0.60047096,-0.34296092,0.18667018,-0.6867492,0.41005677,0.32290092,-0.014272151,-0.06186171,-0.30978528,0.23907779,0.3080799,0.005148232,0.2575737,-0.22039196,0.84795713,-0.113495246,0.08414391,-0.07758446,-0.22747198,0.15244271,0.33017686,-1.0596907,0.5955506,-0.13323364,0.20933613,0.5184738,0.030057926,0.836111,0.43389922,0.6076592,-0.26020613,-0.8285094,0.14479494,-0.5003368,-0.96219873,0.53761744,0.17497347,0.9304935,0.41507915,-0.12597452,-0.102720305,-0.40834358,0.02857812,0.75219244,0.36453652,-0.12942912,-0.54628956,-0.43233693,0.10433181,-0.42019758,-0.039321445,-0.11314706,-0.83185697,0.43568859,-0.16906066,0.33737984,-0.783664,0.02531818,-0.26766783,0.2324749,0.70628047,0.4144243,-0.31455696,-0.7618769,0.4488169,0.11483675,0.3657044,0.000113998314,0.18249619,-0.40133068,-0.24793369,-0.04528756,0.530778,-0.4420443,-0.27939472,0.261879,0.4240089,-0.40752682,0.1088965,0.33160794,-0.2535962,-0.45311156,0.05397387,-0.7212724,0.36778516,-0.059333175,0.34091488,0.23567663,0.14432873,-0.3946528,0.35951406,0.17212084,0.40752506,-0.0066743656,0.636914,-0.5942397,-0.30725056,-0.25922373,-0.16931233,-0.42068422,-0.18389152,0.43588066,0.21463864,-0.19059485,0.18934128,-0.1218775,-0.09401178,-0.13175894,-0.039365456,-0.33527473,0.8393889,0.30391297,0.30958322,0.27277577,-0.41418517,0.34249648,-0.34236947,-0.18188715,0.28396836,0.05086683,-0.038425256,-0.14050673,1.3554938,-0.4353691,-0.45922318,0.13242376,-0.17628808,-0.026138384,-0.058728233,-0.041468274,0.16333088,0.24978538,0.7473271,-0.28339797,-0.5485923,0.13362433,-0.14440718,-0.19969586,0.023649242,-0.6541698,-0.27426514,0.6634018,-0.3544254,-0.26343352,0.48526397,0.50103205,0.27037203,0.07048911,0.37476066,-0.054600015,0.12009212,-0.2237619,0.29874358,0.2403552,-0.08325471,0.20065908,-0.17077798,0.10485257,0.43869552,-0.2737475,-0.36746246,0.41765323,0.4373236,0.0042110337,-0.5440224,-0.09719086,0.16442789,-0.09684753,2.01082,0.4148324,-0.011306289,0.6705192,0.023097351,0.3239953,-0.12136561,-0.025836393,-0.6579838,0.18129374,0.86874694,0.03478383,-0.24094276,-0.19269627,-0.041578434,-0.4056801,0.54795915,0.36032748,0.41522205,-0.09822167,0.057979845,0.3303601,-0.02426395,-0.37357748,0.40680644,-0.47809452,0.43154904,0.13741866,-0.3216231,-0.050323963,-0.22913438,-0.7419809,-0.42574298,-0.5594645,0.101321906,0.03803664,0.07009804,0.33071342,0.16953228,0.18244803,-0.8038418,0.12556927,0.059909463,0.03455621,-0.3609243,-0.44641444,0.4483125,0.049008287,0.5848562,-0.641011,0.033791497,0.54503274,0.043968853,0.1817067,-0.025257034,-0.52121663,0.20156515,0.12475801,0.32486507,-0.9363107,-0.05202046,0.6500322,-0.73215157,-0.12649201,-0.12887055,-0.2069264,-0.38877025,-0.40344378,0.3778299,0.16421346,-0.28815708,-0.3616522,0.33271354,0.0140741,-0.40392232,-0.088795386,-0.1657061,0.33499935,0.4754103,0.48150685,-0.2869842,-0.08354535,0.10056941,-7.0900774,-0.24744806,-0.34852582,-0.156307,0.030429507,-0.22862464,-0.07377865,0.20039041,-0.2819611,0.06997003,-0.046723045,0.18117256,0.56813294,-0.75259036,-0.18348055,-0.39242232,0.102125406,0.59446436,-0.19871469,0.41744086,-0.32007322,-1.0247439,0.44737855,-0.041188873,0.8173038,-0.4224544,-0.5850003,-0.17844291,-0.41908237,0.067723535,-0.022836449,-0.21444143,-0.66794443,0.76349074,-0.007840913,0.029071504,-0.13518041,-0.84008896,-0.40505162,-0.4063492,0.3954368,-0.96899545,-0.0983056,0.45670792,0.3253479,-0.018621445,0.6318866,-0.56972617,-0.0061078705,0.3386924,-0.29055372,-0.23580407,0.11164422,-0.5080288,0.27879056,0.050801896,0.12107515,-0.20905125,0.06515567,-0.16811398,0.5555539,-0.50973576,0.037086144,-0.42527372,-0.21694586,0.065562755,0.011624385,-0.4900766,0.87044835,0.016682321,0.049819894,0.6130095,0.18749905,-1.362297,-0.6451023,0.39848855,-0.26251838,-0.24317713,-0.4962245,-0.11581423,-0.3803369,0.054554276,0.20151705,-0.2487851,-0.37993443,0.5111876,0.21495514,-0.7473891,0.24767299,0.47728202,0.35854506,0.18267328,0.38348767,-0.24321322,0.48331448,-0.2637769,-0.11767,-0.21997209,0.43139428,0.15071076,-0.14061536,-0.18766594,0.5929019,-0.72941107,0.28637928,-0.5838184,-0.01905008,0.1435324,-0.25837275,0.11576989,0.40187082,-0.14295688,-0.027605511,-0.4710906,-0.32388452,-0.47123408,0.40168187,0.082938395,0.34399754,-0.5882872,-0.40555203,0.25764436,-0.16241316,-0.9103973,-0.33071494,0.7146843,-0.07183488,0.8169337,-0.5027445,-0.5422406,-0.13061671,0.31567523,-0.19993198,-0.3324669,0.42527434,0.17473549,0.117116354,-0.1503252,-0.07714591,0.10991573,0.17056742,0.10742106,0.4403031,-0.11491136,-0.14510031,-1.0072554,-0.31356773,-0.20571323,-0.7512664,0.8654204,0.055687886,-0.6750826,-0.34825525,-0.74852735,-0.20731962,0.32732055,0.12684824,-0.53993213,-0.096593216,-0.3319825,0.6761915,-0.2822896,-0.019883588,0.3196177,0.12231467,0.20307356,-0.22953022,0.09184867,0.33979398,-0.4472148,-0.7379827,0.24555467,0.4424919,-0.009042826,0.26036763,0.2946619,0.35812253,-0.0481472,0.020792367,0.7732516,0.40518856,0.244615,0.32085952,0.17731962,0.22271131,-0.14553171,-0.46158248,-0.80041194,0.115690984,0.5021336,-0.8751059,0.95915467,0.5726881,-1.1762801,-0.1247858,-0.37501293,0.1383424,-0.6079852,0.053730387,1.0355012,-0.071944326,-0.16523327,-0.5033235,0.32560503,-0.3999645,-0.17680433,0.65987915,-0.16311984,-0.21951477,-0.29442054,-0.28131393,-0.32036301,-0.16928542,0.4415383,0.07526103,-0.3428794,0.18426631,-0.46110237,-1.0018659,0.23971865,0.25925595,0.07004648,0.40607983,0.52895254,0.25447762,0.030657861,0.065473996,-0.08838005,-0.29597178,0.15206818,-0.19291271,-0.9624918,-0.46553817,-0.30706543,0.093004905,-0.12750834,-0.14790489,-0.22765937,-0.12410834,0.18178004,-0.17352504,-0.88227767,-0.19911508,-0.52659357,-0.12519917,0.2639456,0.148809,0.058582276,-0.6159192,-0.2252205,0.008246947,-0.37839642,-0.45578057,-0.36350656,0.8851571,-0.78398085,0.11773701,0.47714454,0.15155801,0.47510734,-0.05622544,-0.16789657,0.21181393,0.19513519,-0.41230896,-0.05761539,0.43604335,0.40183148,0.51862645,-0.21260066,0.33317983,-0.08153109,-0.18923257,0.22739853,-0.6053027,-0.47840843,-0.63781077,-0.15867232,0.48887938,-0.19595948,-0.41532746,-0.39923465,0.080626994,0.55128706,-0.19568028,-0.07128428,-0.13138178,-0.13628583,-0.18452758,0.5128135,0.5497916,0.101509474,0.11382468,-0.34388366,-0.22345987,0.16116649,0.27990484,-0.47709706,-0.4027226,0.07250889,0.2894777,0.046488952,0.4366774,0.54229707,0.10631039,-0.30270597,0.14186257,-0.4827468,-0.38696003,0.064396925,-1.0871203,-0.51397866,0.15810363,0.5204182,-0.12200857,-0.06975527,0.11773643,0.00034929288,0.061143637,0.45742208,0.33555564,0.113580406,0.020639706,-0.20444985,0.53375614,0.060019523,0.2786858,-0.6959346,-0.41900498,0.22255157,-0.17208356,0.6252002,0.11489337,-0.3891031,0.16909163,0.105354376,0.36163437,-0.04972765,-0.59919053,0.33603373,0.260615,-0.18570286,-0.3430229,-0.24965078,0.38551247,-0.5042889,0.23772149,0.4057755,0.19382483,-0.09269697,0.66485864,-0.119347155,0.37645775,0.04846562,-0.3485109,-0.15254712,-0.019242229,0.057023562,0.13325651,0.16993187,-0.39255372,0.10036227,-0.18662065,-0.3425937,-0.16722763,-0.007924602,0.11680915,0.14317518,0.0625532,-0.18858998,-0.2817521,0.20163898,0.2857591,0.90203536,-0.015742244,-0.13880657,0.09524971,0.15469937,-0.16263036,0.19775486,-0.37714517,-0.27378598,-0.50307775,-0.54841,-0.02420709,-0.60241884,-0.10497572,-0.15031806,-0.49513847,0.09782539,-0.6593618,0.44339466,0.24042544,-0.06343441,-0.17126827,0.2370463,0.28308117,0.44998828,0.13862404,-0.39861885,0.8452896,0.085602276,-0.84512335,-0.06396724,-0.31048045,-0.2981097,0.08582759,0.2620672,-0.42595252,-0.56211734,-0.28969088,0.23421547,-0.023519462,-0.007198817,-0.065958135,0.38634548,0.059125174,-0.50502604,-0.4881688,-0.34473553,-0.26864457,-0.6278312,-0.68592715,-0.29246143,0.056059275,-0.6916837,0.33119065,0.02821822,0.15813288,0.81423086,0.1911798,0.924697,0.02110609,-0.7251398,-0.27378753,0.06717267,0.26848495,0.32165068,0.1865149,0.09893014,-0.30881953,0.10274868,-0.19618946,-0.5579547,-0.105366424,-0.5359848,-0.33112934,0.26579562,-0.5949306,-0.41682705,-0.07548653,-0.23672627,0.34475955,0.012648815,0.2364781,-0.1830776,-0.085756704,-0.5431139,0.23920698,0.12778617
0.46357128,0.06141852,0.6109305,0.19570792,0.14577715,-0.41155648,-0.37065613,0.9470378,-0.11542037,-0.23980951,0.23950535,-0.49924314,-0.322085,0.040931687,-0.43012092,0.2156946,0.032905415,0.4386131,0.14252125,0.4595431,0.36988664,0.25469893,-0.24111946,0.18979566,-0.07808377,-0.05718343,-0.1280325,0.037163682,-0.50537187,0.26580384,0.6459509,0.6090417,-0.11751505,0.3109351,0.17402388,-0.54996276,-0.26209426,-0.08414929,0.038955584,0.63539064,-0.1173174,-0.6178372,0.37770107,-0.1367203,-0.5512896,0.30784136,-0.02771591,-0.25905988,-0.052989293,-0.24927746,-0.70016766,-0.2996886,-0.10876767,-0.024806451,0.6534178,0.39602992,0.46377215,-0.38162482,0.09414145,0.37643307,0.066075675,-0.37149158,-0.37543276,-0.3162602,-0.16427235,-0.2056507,0.49078476,-0.14086464,-0.40919524,0.29291514,-0.007459778,-0.39231044,-0.12006918,-0.22859174,0.20147198,0.16802403,-0.17027414,0.28963023,0.15768117,-0.13274044,-0.40565345,0.4718901,0.23671705,0.2223519,0.26078162,0.71919286,-0.011048999,-0.14291497,-0.026028955,0.36569172,0.07648631,-0.19402613,0.35691503,0.186071,0.50343823,-0.1980291,-0.31558156,-0.23581222,0.14038804,0.1736986,0.45990944,-0.5648872,-0.16509977,-0.14031914,0.13374615,-0.15508786,-0.35135913,0.5174649,-0.19397539,-0.03312742,-0.4723318,0.0062212967,0.3950326,0.010519132,-0.34703824,0.13003938,-0.41460693,-0.018555641,0.41330865,0.06789769,-0.30963185,0.4733516,0.029646877,0.238187,0.1210022,0.050874762,0.29303664,-0.2360193,0.14623748,0.0056382124,0.3211552,0.77365565,0.5717507,-0.28401175,0.12599057,0.122495204,0.36883172,-0.19325893,0.17197002,-0.51630837,-0.26563048,0.5516034,0.42314517,0.30174133,0.0101359235,-0.285392,-0.21959299,-0.6600369,0.07737942,0.03726364,-0.5013104,0.044021588,-0.43874782,-0.05211201,-0.13003299,-0.3423921,-0.50693065,-0.043649457,0.25684038,0.15334314,0.008799122,-0.09344896,-0.1850636,0.25918657,0.069600604,0.11860266,-0.09458521,0.52121055,0.33601514,0.24262545,0.20213799,-0.30075216,0.3420834,0.20097898,0.52478254,0.036024492,-0.28297675,-0.07838772,0.24990122,0.72129166,-0.48759618,0.14648263,0.68103796,-0.3021451,-0.024480572,-0.003398779,0.48080885,-0.2011704,0.49516052,-0.10549378,-0.34496135,-0.032803066,0.02334851,-0.36188126,0.030943135,-0.5964392,-0.43025613,-0.29051682,0.12762572,-0.32019272,0.33882758,-0.0319653,0.47403315,0.020228961,-0.3428112,0.5175458,-0.09854182,-0.2056383,-0.31654763,0.33697897,0.29002446,0.52446216,0.08317964,-0.36127093,0.053652443,0.039260145,-0.31469807,-0.53051656,-0.05153221,-0.03694425,-0.12595056,-0.6802855,-0.26513427,0.40713853,-0.039445963,0.6729908,0.15807778,-0.09386829,0.18480456,0.06412955,-0.080129705,-0.24363096,-0.06938354,-0.23319562,-0.13655701,0.12195301,-0.12017865,-0.3658399,-0.020327445,0.27873135,-0.41007954,0.2482032,-0.00034455603,-0.23457916,0.16042322,0.027343323,-0.32166332,-0.95408547,-0.15113236,-0.1724177,-0.21044661,-0.42138693,-0.12836337,-0.32446644,0.48627222,-0.045625463,-0.3863804,0.15500686,-0.0011039024,-0.003382145,0.18733092,0.0083385,-0.079406105,-0.050288886,0.007380853,-0.41331074,0.30617902,0.43330944,-0.23113126,0.121947184,-0.07335416,-0.68477833,0.20864199,0.54132426,-0.17975229,-0.34785768,-0.24511164,-0.16607161,0.27384815,-0.3086325,0.2632026,0.64499134,0.058563452,0.1866089,-0.38390833,-0.081565395,0.23780926,-0.23355426,-0.018128084,-0.22234924,-0.2025709,-0.010924209,-0.16105027,-0.19292398,0.6377895,0.34371728,-0.0016141008,0.0764294,-0.4361064,-0.7681262,-0.14478397,-0.17474146,0.08105789,-0.1642254,0.05923921,-0.04649401,-0.22590542,-0.5074165,-9.997151,-0.14327995,-0.021390043,-0.10259274,0.16770384,-0.20625032,-0.18200682,-0.16981196,-0.14028558,-0.04213608,0.15087277,-0.26897013,-0.18389206,-0.11248018,-0.34708175,-0.31192768,0.33584255,-0.06477782,-0.18486021,0.0075161094,-0.1929395,-0.4811563,0.33188087,-0.26071942,0.24076407,0.43858188,-0.21617797,-0.19522296,-0.17476684,0.04930705,-0.21800378,0.24487744,-0.11150408,0.9646135,-0.018981494,0.1437251,-0.071285315,-0.4281289,0.306462,-0.063396186,0.3733242,0.13983335,-0.08068788,0.20349573,0.722533,-0.5709921,0.17995988,0.5175434,0.15812589,-0.02226554,-0.19592488,-0.06575501,-0.08369648,-0.34159368,0.05112338,-0.123485535,-0.015485038,1.0439925,0.06321664,-0.7603744,-0.13247485,-0.33084103,-0.6822635,0.12316675,0.09591159,0.19832474,-0.8859086,-0.6150333,0.2450771,0.13011135,-0.36318588,0.46565068,0.18316895,-1.7449725,-0.038865596,0.03342499,-0.34210184,0.29311216,-0.15241364,-0.29438037,-0.512812,-0.16587795,-0.31797943,-0.23915815,-0.38644013,-0.75307995,-0.1462611,-0.3799849,-0.023746964,0.12027604,0.29088926,-0.23979712,0.08307152,0.18544476,0.11457643,0.101792105,0.7303585,-0.37953812,-0.0006607237,0.0962962,0.08526525,0.39399633,-0.1154829,0.12702332,0.27860954,0.08110016,-0.033453785,0.059271216,-0.055387758,0.025330354,-0.24647647,-0.4715779,0.2120735,-0.100682944,-0.09434236,-0.25777632,0.41648218,0.005864964,-0.18618728,-0.82793695,-0.559325,0.5748504,-0.30772358,-0.5361026,0.17491758,-0.0017327699,-0.35431167,-0.112070836,-0.46180645,-0.0783491,-0.34363887,0.26666307,-0.086649,0.32951605,-0.019858375,-0.17506951,-0.1267991,0.15698949,0.11934928,-0.1793744,0.3017608,0.554456,0.4209801,0.2519662,0.19711606,0.17896284,0.004096932,0.16855848,-0.0799934,0.27995408,-0.06807773,-0.90790683,0.041132204,0.4041338,0.25185835,0.13106173,0.17759095,-0.30810702,-0.27960268,-0.32756028,0.4482043,0.09848657,0.038403098,0.78163296,0.2696551,0.0407886,0.11204687,0.23855908,0.03820181,-0.3123561,-0.069311686,0.42723364,-0.34889498,-0.08555018,0.4421481,0.34307396,0.036401395,-0.2586342,-0.46097273,0.27902237,0.23217231,0.019833606,-0.1303455,0.022060655,0.24732658,0.17094867,-0.033043746,0.12457633,-0.031853657,0.49996063,0.17457944,0.4625721,0.040135063,-0.46439826,0.045463137,-0.36574203,0.5154396,-0.5269168,-0.14896117,-0.05777267,0.07002961,0.35177088,-0.18370122,0.16442452,-0.008893028,0.4228084,0.09807699,0.5469189,0.29297602,0.17531678,-0.048538283,-0.6850258,-0.3290602,-0.30576098,-0.01877568,0.24870485,-0.13563488,-0.28651845,-0.67830443,0.10014031,-0.35072625,0.12696123,-0.22365414,0.10203575,0.0490632,-0.23794943,0.0389133,-0.118085794,-0.28103676,-0.38473004,-0.1687825,-0.9558189,0.35336173,-0.09788748,-0.011332687,0.23529914,-0.24865082,0.30319193,0.2396714,-0.46021828,-0.47408354,-0.515056,-0.8051194,-0.18554878,-0.4695825,-0.22185154,-0.5722757,0.004656306,-0.6863271,0.5446229,-0.06922069,-0.11456949,-0.0031751082,-0.3156895,-0.21871114,-0.9084154,-0.50782216,0.020518325,-0.3449832,0.23883216,-0.61426437,-0.1404432,0.2705847,0.0032972177,-0.16042112,0.16943161,-0.2837759,0.045817114,-0.0057274755,-0.15465368,-0.3231725,-0.2895385,0.2787188,-0.26947463,0.18335234,-0.25162297,-0.42022172,-0.084782094,-0.29487428,0.31849334,-0.092469156,-0.03646133,0.077515505,-0.23398945,0.07445689,-0.23786269,0.11619849,0.24140263,0.019579643,0.019789284,-0.16588885,0.31748423,-0.07112262,-0.06770451,0.32498294,0.02500647,0.19690484,-0.5547031,0.49436632,0.20711856,0.25589588,-0.14659517,0.6683008,0.40557095,-0.061018042,0.056173496,0.036887504,0.15147409,0.5936783,-0.008385701,-0.18813895,-0.23537469,0.6065697,0.5517443,0.21295348,-0.3153921,-0.19369145,0.08481005,-0.45587268,0.24088722,0.26869032,-0.16503076,0.29502457,-0.39586487,-0.07066159,0.41550404,-0.12883268,-0.38473627,0.19844067,0.48030674,0.20612729,0.13897297,-0.06777661,-0.01757518,0.101102084,-0.47780105,0.047924954,-0.027934661,-0.26633617,0.03718607,0.22665723,-0.047846124,-0.062197234,0.425347,-0.15088688,0.09936092,-0.47751004,0.3521485,0.55721873,0.24278371,0.04802843,0.13825814,-0.11595735,0.41763502,0.045275252,-0.13045019,0.269492,-0.044570453,0.2731604,0.5279713,0.40680307,0.04969911,0.21176347,-0.5158096,0.33490607,0.16787776,0.17422575,-0.24518456,0.27719295,-0.33174446,0.33618906,0.13721275,0.5402737,-0.076604575,-0.2192051,0.19863193,-0.24331734,0.05109685,-0.3760709,0.046687227,-0.28290984,-0.18265001,-0.18520202,0.11087848,0.040592764,-0.72039616,-0.8498539,-1.7022507e-05,0.1991614,-0.28079003,-0.43258166,0.09878952,0.13559744,-0.56756574,0.14929956,-0.28715906,0.6222662,0.27872574,0.23672414,-0.09223495,0.2473045,-0.30729744,-0.45914453,0.23830965,-0.43232375,-0.077331334,-0.07303728,0.48284823,-0.25874582,-0.14090252,0.14520542,0.41924924,-0.06344947,-0.066603035,-0.13593532,0.2802271,-0.14869495,-0.22809349,-0.12620194,-0.17264679,-0.37116492,-0.49677044,0.35320643,-0.35971367,0.20334938,-0.4693647,0.2617532,0.098016016,-0.13764937,-0.17710713,-0.29647315,0.45484564,0.39611217,-0.34791204,-0.28859213,-0.2719331,-0.24433404,-0.36842483,-0.14133732,0.10438368,-0.15650591,0.19907853,0.04618661,-0.4307027,0.24367656,0.018864952,0.16501069,-0.2517688,-0.40380424,-0.4100584,-0.23875727,-0.03176245,-0.105634525,0.05177373,0.19663279,0.27825242,0.13977534,-0.54372144,0.4877722,-0.03762144
